16055
-97479
-76359
91951
38012
-34200
-73758
-62630
-56792
-7213
-65384
41346
-70731
-69574
38471
-79577
-32107
-28966
-2122
-3201
-62222
99629
63102
9438
-17268
6266
-56228
60426
84676
-99193
40973
48134
-32836
-86385
-26405
-67490
99946
89246
-16836
-32700
93903
-4301
7007
-32307
-62364
-16910
79383
32132
14060
-87283
-79742
67091
-57290
-71674
-20993
-8132
37641
82617
-87183
-88999
-83021
68924
-12749
73022
99400
-59555
-8630
8024
76855
90325
-64801
757
70763
-7049
65971
49534
-3574
-81092
-20028
-59654
7293
-80540
68586
-85040
-48957
-91034
-39013
46220
-6855
-74189
30522
7986
-542
40449
41421
-62054
57126
26414
-34323
45650
-82073
-80272
97335
38498
53425
31667
34626
-63133
11870
9847
-28701
30484
-73663
11879
12289
70953
66272
-80115
69390
25014
-72368
-25874
58176
-35190
-99819
77706
93258
63039
-3578
32864
24164
-20232
42070
-78748
72828
-49335
25620
-32728
38200
-9538
34231
18547
-19381
-12580
66918
-5921
-98243
95683
-73976
-72035
44146
61581
-10259
-47421
1889
-42050
498
-8354
-42293
11834
-21942
-93443
74971
94019
-96104
-83904
16425
-51341
-66650
-18273
67437
-25458
-61095
42969
-62803
71554
76620
-52523
-44524
-47212
-39705
21885
41564
-26241
-21794
-35847
44320
14700
79923
45813
80489
37760
-67323
-5487
69133
-53345
44704
3685
14553
74525
-97731
3368
-76807
-1644
84721
-62100
20137
-28127
-48915
87858
-77726
-35794
-92596
9973
-6079
-45998
-14343
-98275
-37065
2957
-94994
-55750
-89186
89974
-82789
-28917
72231
-49212
2648
-95972
49118
-85431
-33665
45576
-90395
-71808
-88236
-52190
23302
-91496
80268
68415
-35872
76136
71197
91374
-44955
-83703
-38370
-25471
70157
24771
-45380
-17446
15960
-82920
-67519
-17555
-6563
92777
24911
-19209
-3144
38831
37763
-58475
58623
-35083
14578
36140
-34231
98373
-77041
-57496
-85468
-25608
-18228
85811
-18004
74506
-80540
89126
59905
-10135
47175
33180
-69511
-92534
-90456
-22304
72808
-48155
92464
-77192
50121
-64608
-70939
93143
-97232
-6968
-68931
43099
39925
-28611
43402
46946
34714
52849
-65524
-60269
-33371
-23469
25538
66954
57723
5794
61241
73789
-25661
67947
-73020
14566
-66282
43683
21817
71292
-94103
75441
92338
-47947
8986
-80027
-47853
5645
-96574
-42603
35797
11279
92734
-51056
12214
-64288
-28417
52520
78660
-65704
86415
47137
-20661
-30499
-31710
20224
-1157
18443
-71289
-94976
29290
27377
-31801
3529
-31234
-75178
98387
-51248
-7947
65583
88961
-77801
87833
13286
40446
25764
81495
25095
-14048
-76711
-46503
-16050
-98969
24030
10812
-38550
33077
68232
95192
-96824
-40026
47162
-98488
-83045
90229
-68095
-9967
-93115
5210
-39398
-87866
-1671
83942
-77994
-22701
79044
-81576
70500
7631
-53429
95836
-75533
75501
-30100
20240
-78591
21862
80185
59321
78596
35094
-67081
8820
66833
23789
-6926
94577
9281
18231
-21879
-4447
-19580
64802
-52205
-2382
-22689
-8773
-41985
-78075
59580
33698
4107
99028
-91455
51103
32849
-35607
20570
-43131
-74086
24120
-80875
-34098
40409
95822
-71140
-52337
-54988
16059
-96307
-71760
12383
60150
52205
-28685
71546
50861
-54914
86016
-94119
-79543
25193
-99312
5630
-58259
90225
-56179
-8741
825
-3208
53099
-95389
-11971
-13055
-46277
-64403
-12506
-39390
30241
-43757
-13280
9968
-43412
-23442
-22939
78523
63729
-28669
-37351
-67309
25079
-66017
17769
47023
