69207
80103
-29632
-41210
94958
-29821
78047
-34713
-10912
-41993
-97677
77049
-59753
-39478
66364
47993
17574
65199
15636
-22143
-33797
-57523
97142
-78179
-55907
-66125
94267
-82446
-73069
41627
53342
36082
8715
31056
47067
-63928
-19943
-90887
-42184
-16561
15041
78705
-17421
-58180
55234
-70691
70023
35896
-92032
41600
-87664
-37607
8833
99089
46964
76216
80749
89689
-30197
-81833
-12031
-74113
51856
-44603
23710
-69356
-45874
54075
20940
31446
-41154
23787
73864
87694
18229
-96220
49113
-11517
-24074
-82174
40981
83393
41032
-97953
-84475
46990
-53337
-18063
87622
54725
-49265
73525
83837
51056
-91642
-84694
16633
-98238
-32875
52125
-38598
62025
-89654
9809
-76705
-64700
-2653
-8255
19912
-76849
-71458
63758
-60634
14423
-39020
38942
78821
-59618
-76925
64997
39367
-72135
1545
17715
4962
4938
-62171
6944
24926
-89233
60436
-2002
-41771
-75364
38090
77692
51289
-84918
-9983
65813
-85204
-37269
-65795
63980
48006
97880
-39108
42402
2778
-51523
-37158
-6042
-35955
81190
31460
-4582
-4209
-77607
-26286
18703
-79572
-45256
75319
93980
-88591
42517
-57491
-36088
-91899
-57370
53667
4025
-70848
-91862
44709
16046
-12602
-25294
-86505
-57139
74149
73413
-9834
-371
79065
-55597
-89925
92800
66389
67136
-6904
-77809
42228
-96294
23180
-83848
56231
8808
-93059
-78369
23491
-73517
-13432
-81315
73236
-79777
55814
-83048
-27180
99730
-26903
-90889
92713
-80311
34979
-90106
-58653
-80896
80464
20573
1935
-73579
31242
-126
-27988
-70377
53857
-68173
23524
63933
9399
-80301
42856
6338
44466
13829
4832
25821
62408
7773
94560
-32108
-95088
-64716
83064
-7729
24207
-52475
85228
-44877
-27345
-53866
10156
-17029
52871
80072
-17697
-82453
-65612
84115
-1967
-48826
-18497
-19153
89179
26463
19044
-86917
39607
24382
-84282
-19362
-44096
11218
19074
-37911
-11238
75881
-63086
-2126
39865
40262
69321
57472
-12212
65902
-4161
32062
40637
62173
-17824
-14507
86161
-98816
-8279
-25676
97624
8384
36370
-6420
