-60946
-38933
-56435
-34785
-91825
-48747
-50821
23462
8762
4070
65974
49450
-15004
-93955
-60693
82966
87953
14459
-51397
19348
43122
-9518
86280
-19695
-20560
99904
-44664
50951
98394
-66822
11878
87983
16006
-20591
53346
63135
91486
25716
-98623
-5362
-81812
99743
64913
71815
-71596
-25265
-72255
-65792
-18373
-48330
9120
-53970
92386
-74712
-19883
87425
-32435
93102
80911
-84434
47922
67243
-39949
45657
-66101
71660
-90593
-7684
73969
90592
-70872
-74101
89357
27169
40776
-25932
-60484
45225
79567
-49363
-6506
-20002
-92013
-18234
20766
-40989
38109
64970
-23546
22045
-62852
-27476
-82862
-1417
-55364
-85952
39523
-44428
-35238
87754
-10610
-39313
-19341
5034
64986
90477
76420
41987
-22645
-90680
96378
-38149
-58579
-14608
37503
75429
-12736
24179
-3794
-56052
99733
-23053
-62696
-96947
35083
65934
8814
-56693
-69393
-87933
-90297
59560
44714
80806
-75003
-21176
-6362
88205
-12290
62708
-97126
-3005
84937
-54601
99123
-32488
24114
-70539
-26127
71066
94564
-54435
-17112
-81284
26531
80136
-73127
4020
86122
33064
86921
46524
60238
55028
72368
35623
30784
6207
-42188
-36906
-452
69357
47531
-10618
20664
-85404
53430
-14760
6293
42066
-11528
-75254
-61513
95044
97427
-71748
25183
-35115
-37551
-11372
51127
-5814
-47206
70007
5946
97688
-20583
83448
-16816
52027
-16877
-91777
41500
74714
94378
94003
-55592
37680
55672
-49483
82334
536
-7574
57828
-75968
32095
-70498
-29562
47622
45586
-9207
89321
44172
26835
33323
27275
37834
4085
-60627
-97654
44998
71452
-7868
-23771
42413
64681
47570
-94433
64296
-73649
-47359
53067
86579
83675
-86624
-54101
25146
-23463
-11500
-97198
-47337
-64362
6468
90708
36844
12141
23212
77750
41926
-60804
93611
18990
-36475
36054
34388
80118
-80479
-90935
-77898
47570
86196
52203
-10091
-9993
97627
-47030
-33524
-58445
19263
38200
-15818
64367
21864
-83501
-78612
57841
16983
-10024
-72624
-48595
93617
-48768
-15434
76732
68219
44175
-11720
17568
50169
84124
66141
-67515
-86423
-78148
-18407
-7765
-67707
61670
-20934
34362
4193
50042
-11743
94366
-7063
57687
-68883
11142
-90218
-59670
-98675
13472
94071
11643
47291
-53418
-77516
84100
-87612
-98867
19735
13768
22472
77201
78140
96529
-767
51376
18333
83264
-92254
38617
60441
-19295
-14607
-51268
-49726
-68446
-94842
-23507
78442
-79556
-71491
57385
-51990
-79111
-567
-26726
-66502
-14942
28269
17184
-96957
-20327
-46816
43363
66730
4747
93376
-39040
-90139
-80018
-43420
34055
-69683
26314
-78793
96223
-49198
29637
-55755
-8721
9451
-42305
37656
39453
56252
-44128
-80716
53452
88126
-96803
-28397
66384
47357
8884
89069
88202
96870
59720
