68130
-3720
-85682
-38458
-34445
-24883
79197
-37326
98816
-80574
94527
-51356
-95575
-84272
71223
92559
51916
77708
-62696
-63946
82023
80976
-46867
-52630
20843
-55116
48494
69855
88331
-2840
-56466
84220
-50441
2725
-77433
-45548
77037
-23201
-9374
-16022
76340
-15673
82400
-19118
-41701
1315
18928
-77435
13298
71965
53771
53061
-99249
-2677
45468
-54250
21808
-90934
80160
-37389
-95027
-36791
54005
-37449
-64613
-6757
-21501
-27001
229
76352
-27373
-38823
56115
20642
99350
12086
-26002
5203
-63553
60120
-64589
-73061
-8661
-78093
-62045
-483
-62145
29968
-81514
3323
-92324
-73903
15361
-36845
78288
46460
95877
-52597
22336
27094
