-346035
291555
1364432
113520
-831438
2026019
704947
1060493
1015396
-1597088
85176
-1028477
-277911
539754
-3148977
-883360
161277
-1473753
2394663
1012416
758356
2461236
-572712
1519401
262234
-2962647
-2151974
78108
-764074
-1627464
-586775
134810
250224
601269
143144
1616129
1808615
571188
754489
-931963
-931769
-1751802
-1434397
-741433
-2287890
1389178
1245106
846088
3218851
-2124251
-329899
800502
-2404371
823709
633755
-1714443
565237
62769
2190423
3305855
1305956
2204362
88065
-398265
-1827104
-3133173
-2443229
-2153138
-21409
1496273
253115
-149913
-425551
864156
2682385
1319958
-413818
589833
1548250
361046
-1019768
-1405519
-934848
364740
-1464951
-1687941
1672678
864247
-792354
133300
-576052
-2270675
905300
1916025
2569640
1944795
-882538
933138
138572
-2344204
-762887
-3155720
-1702226
-347653
-1028893
1767441
307315
-362654
372429
-1318533
-1189131
-2181912
520229
1021676
-578176
504047
-1129734
1271534
1106840
-1943855
1822509
1945993
-997992
292393
-607486
-632753
1036925
-778403
-920599
1689442
-1515317
-402459
1242932
-1586582
-842730
101887
185593
1820590
-1113650
-1416893
2452048
513658
159199
-487818
-1442782
-341611
431020
-1562055
554239
2129899
1189837
1417681
948723
-1838186
-857052
-340396
-2162935
651519
44385
-45261
2495938
-625103
-2693337
-415630
-160483
-1564260
600230
767378
510618
1470972
-1012107
-998050
8934
-2854917
-2760660
347697
758678
910519
197339
-978888
-1373690
1244685
1323766
-681536
-753953
748181
1222967
257265
2087764
1134833
-143659
301403
-2326567
917767
1775119
-30283
-337931
-1649755
-1127377
-1682483
-2590008
1289715
-417768
-444779
-791232
-1447424
-560908
-98983
-48943
-978391
2023242
1504767
-2339754
1984301
-87444
-773538
2114951
-2285616
-1521008
937476
-1210956
-589450
-1348761
-685379
1918422
1273876
-75729
439567
-798007
-1426246
1000854
-78489
-1185628
1028354
620051
812394
1595995
-962081
-284909
1536918
83811
1574332
1671922
-1320746
-423163
1242761
-434494
-834923
-2468095
-1237265
762589
321278
452768
536955
-565316
-514623
240720
-478789
-522773
-531142
2057439
1700240
-876832
-1630394
-1811925
40046
1570567
276237
-714452
618533
1692926
166787
-338519
-732901
-1832807
74671
-901263
-2157596
1792086
-390726
-451189
1932890
-53921
837188
1743881
-843980
1586324
1999002
315531
1789072
849784
-700440
-708401
1137528
-424159
-664699
-261086
-477921
-444105
-292738
