-365676
193024
482435
1085246
1099371
973156
967635
1759841
1475515
-201994
24475
-1252058
-963913
-1169416
-909706
1050199
1873378
-93019
-3404794
-2220718
-590275
1707980
-743944
-4598912
-3643904
666351
-675116
525915
-88860
-1139473
2247954
3329090
-1732763
2774837
1056464
-3682354
1813165
1239182
-3586570
1339392
-701008
1948621
4713987
-858670
-4173667
-343304
1912848
1382717
2165128
184358
1615618
-315747
2604914
-896160
837184
2263785
-4210309
3430707
-620788
-5218948
-1851172
884039
-3884895
2793500
-2049786
-3453862
2204970
-2108583
-2231350
2351229
-3824809
-1749142
1861070
-181233
3291985
-47029
-1588371
2166008
2914452
3085638
-333996
-2820366
-666946
3650717
1622668
-1470795
-2065195
1909922
-1767047
-304281
-1204924
150758
2106042
-66085
-1186599
4690443
603191
-1863115
2123814
1592089
-2436199
-1276099
75538
-3707903
1349288
1865751
-4475192
24615
-676593
-3981460
3639828
935869
-3923362
313355
-1349226
363348
706058
-1522607
-2348120
1707666
1522874
2181050
51919
239242
1342280
3757018
5850999
-2641699
-2125992
2686451
-176299
2495419
862395
-2255539
-2265746
-2822867
1504281
2645959
196997
-2380105
-883087
-3086859
3228826
-844903
680353
-4268886
-3038362
2603596
15131
-2171314
1157377
-903397
-3103478
1354127
1078551
6219051
-843170
-1100279
687170
830318
2644550
-290112
-5814039
76929
36189
-1993122
488984
-3448198
-1646577
2679102
-1399270
1477997
2716724
-2529519
-724304
-3495205
4082813
1177188
600135
952077
227952
1165297
4129775
1120106
2273927
1889045
-3730345
-2751112
831020
-470778
-45932
-3012373
-1207597
-667464
753518
1631175
-3391322
-2357816
761594
-1824959
-768300
-995603
1142255
-1335920
2402936
-789212
-919283
-3344763
124768
171037
967133
-988021
-3939570
4358383
188830
-932657
3053259
1338850
931461
2990802
-1934624
227157
-1318494
-1763702
736579
-925653
-54669
1841764
-4060514
1185956
1705321
236803
1088203
-1586794
-3154539
-38560
-1076195
-52450
-2916965
-1666895
2542313
3401106
1807818
818566
-2347317
1339689
-785925
1355482
449296
-1430540
-2579715
-1388526
3679887
3044935
941325
-3480864
-1479533
2455361
111600
-3716154
-722885
-1431638
26628
-890901
221921
1255949
-1834256
-4713696
1077454
1822597
740290
-784855
-1448555
-3460102
1679361
3420018
3281051
-1291618
318926
4067206
3002607
-1052077
-2297208
-249790
-541157
850538
-1433815
1162036
-2149085
-4605499
3461895
1045801
1838505
1237224
-2496315
264699
743466
-2142572
-2675230
264420
-651279
-811275
-3768961
-1831168
5194600
2259010
-1014543
-1362142
1639375
1851957
-1850956
45551
726023
517698
-58410
450660
1027126
85595
397622
888972
2232095
286613
1625460
-1893288
-3148091
-4364410
-2512333
2560329
-872410
1281840
849194
1990031
2356538
5081243
-2611670
-384030
-1766219
-2290086
-3503957
-840201
-5670698
355650
-1181488
-137261
1417893
1372259
-904839
1507344
1106084
2336806
1463015
114243
-749122
3807555
1867366
2468559
2472847
3162319
-205379
1739934
-302147
1514850
-2427224
-3870003
-94481
1716733
-3058524
-3398835
-1600619
-3280105
-4674023
1879794
1960100
374731
1477697
354744
-792764
3116993
-1654481
1346991
1295560
-3864323
1547446
2880968
742946
-1931963
1878221
967918
-336689
634021
897460
400251
-3695934
-845715
-2804416
4109054
-1344438
-3483873
-179529
48125
