613170
-578520
-196338
37054
-877307
-106553
1671485
-964374
1792291
-2251340
1276190
-2543866
1234972
-893854
3189891
-1535902
2439892
-433986
-1193229
-202063
-977553
607368
283494
1187155
-831868
-380025
769431
1397378
-776125
777098
-3146273
-594350
-1175071
1412164
1728901
1704308
2567296
-3912485
-910520
-2620697
-619416
732840
5040965
-2950134
-1218802
-212657
1086180
368976
1572958
-1273675
-37668
-2472259
-885662
-134197
1581182
-996865
164900
1311891
137519
-941115
-2671209
849480
-69436
-816656
2331525
-2985264
-185081
1315284
1600621
306850
-155206
-365144
1407729
-3124415
70901
2794127
1378908
1475477
-4354135
1058061
258213
-287420
-699254
-209020
450524
-1318883
-1497200
1571367
955029
-314503
-331173
415894
-127677
2152424
807337
2658971
-131847
-2774752
1804190
-2389182
