298
9947
8994
3266
1394
8637
3028
86
4726
12197
9015
5680
4059
8245
6614
11673
8626
6428
9129
10604
3136
81
4030
3008
10573
7124
9610
1420
2472
3786
5055
2869
11410
8561
7425
10230
2762
6130
10914
11954
5169
2764
1372
10983
3611
11381
4275
10053
1929
1509
6072
7734
9858
890
3267
12154
4591
9006
7640
7258
395
5491
2163
2584
3092
3026
7729
2355
11617
3276
2785
3900
12236
10356
961
9857
12030
2611
230
8057
9435
7249
5902
3823
10915
10362
61
7739
844
3199
3022
5191
1749
10738
1006
6004
2966
7621
11262
6111
3180
3693
12210
7904
4699
8492
2260
9925
4886
8976
551
10709
11640
792
10612
7909
9451
9201
3101
1040
6606
703
7600
891
7658
18
11162
310
10510
212
839
9871
3038
10830
3952
6088
8298
6606
7214
9724
7090
10615
3655
7223
11718
2589
5311
933
10741
10891
2805
1772
930
1771
7034
9181
6777
10006
9773
5541
11108
4941
11151
9393
11916
9614
7379
64
2757
1117
5196
71
10400
185
6113
7223
1808
10430
11225
11688
991
11448
5217
98
7108
4245
4553
8237
3890
2438
4616
7102
2314
11676
7751
6078
4890
9499
7099
7366
149
7118
3126
8060
79
7233
11171
6593
7613
2264
7388
11053
7391
4903
558
4091
9552
5975
10888
7299
10766
8857
11347
4463
1078
8010
11456
6550
1122
3194
973
10050
6019
100
6326
6006
8831
3323
10861
9783
3954
6264
8490
6902
8252
9628
4299
1056
10340
5694
1622
1893
973
349
3230
6402
9424
11525
803
24
8380
6606
802
1488
4092
4990
11773
7364
967
7649
7746
5450
12276
5238
6197
1696
499
7837
123
5355
11416
2134
8266
3650
8578
656
10574
9772
922
10077
12085
2536
2943
4687
6167
4512
4951
1776
3013
2835
9822
1328
11553
8900
10848
5947
4257
548
8549
5100
5538
574
5513
11672
3684
7897
1723
5327
4888
8647
2161
4890
6437
7542
3342
12269
4795
12088
2576
7833
7604
5175
5408
5657
807
7570
7434
10992
5928
9963
5373
3044
5633
916
4828
665
11090
8001
8761
10787
2349
1960
8183
1123
11473
1431
4697
3541
4404
6040
11224
9245
4504
6609
764
1282
2477
11926
936
1653
4002
3002
6314
3372
5267
5654
2756
4590
4707
11139
4909
2307
3579
2380
11019
3890
9288
5472
11121
4338
5868
10015
9904
6860
3800
9001
2755
3259
4031
8545
6562
4314
4774
412
436
3970
10398
7671
6309
2670
11530
12282
9295
9462
1888
12215
9041
4946
11975
9310
1559
10775
2776
11325
10413
9
8256
5228
2654
8572
11100
5497
8310
8911
4370
8631
605
6543
2977
5857
9242
128
6657
1137
854
9116
3395
2316
2260
5648
5964
2381
6804
300
10379
12184
1565
3430
7949
5942
4826
9628
2644
3908
364
2754
3004
8355
2
6749
9640
9674
5640
6221
4397
7475
6395
5187
197
1780
2881
2294
1914
2931
1497
8090
1010
11574
9390
2546
4170
6182
9599
7430
2400
6881
7114
7163
12172
10291
893
10990
5068
55
6504
6813
11623
517
9370
6222
3480
4611
6945
5557
1793
10488
11637
7583
412
5962
9305
7402
3388
10196
11712
10555
3388
1378
9280
10143
10472
8717
8250
10750
7083
8071
2077
3460
9532
142
11158
10471
8924
587
10224
11830
9893
4618
9992
3379
772
9623
11150
145
9651
7736
7631
2428
3976
5795
8505
457
3883
11910
1405
8939
3130
10020
8168
11716
1830
4108
4741
9155
3343
11977
5948
2628
10984
6826
1098
6547
6630
4241
12030
5759
8715
2363
3379
5513
4710
5040
3817
6815
10803
8192
9098
10774
1126
1319
11249
1484
506
290
2199
9023
10520
5839
3250
8112
3508
6972
4235
3128
4922
5230
6390
10935
8546
3749
4024
4534
1061
6113
10091
7414
7182
1799
2510
6883
6546
7023
1750
1271
9548
6811
9941
117
7665
8297
6963
2425
1406
6836
8557
4848
5683
11329
2278
6773
10456
8309
6184
4411
6586
972
6021
5945
2109
4728
3197
11874
5318
8534
1135
2013
4953
2622
7192
3865
706
7473
4082
10301
8067
1638
1530
9353
2671
9635
5015
6438
3603
6763
2608
1193
10463
10307
6886
128
11054
7979
6861
9539
4662
4795
9301
6516
9164
3336
4699
11725
4271
1403
4778
4906
4531
7799
9444
8372
11724
1993
2347
5266
10248
6552
10521
11231
9549
6743
12053
4404
1830
11191
11611
8881
5621
4300
4963
4757
10557
10573
8250
2310
643
6584
11054
4732
1002
9015
9826
4589
7962
2207
124
11903
1192
4459
2833
9543
10094
7984
8201
8468
9850
3016
6151
9602
8611
4447
8412
5981
2934
8072
11737
6167
8890
12116
3345
8850
2619
5250
12235
11064
3973
1552
9792
181
10453
7998
2737
11852
305
2589
10085
10141
581
12212
320
366
1022
5158
65
8324
5622
6145
3173
4036
6271
5683
11105
6052
6036
5283
5336
9218
3565
2779
10397
2083
6819
10519
8813
9825
2567
5179
4482
8401
6543
5281
531
2538
9583
5150
12248
9772
8508
10506
4743
9616
10120
697
11765
5427
6816
2827
2277
104
7077
11482
8792
11985
8264
4404
11061
6693
11775
3803
11517
4819
8173
4873
10856
2080
9718
2411
3234
6675
11045
1214
8575
8595
48
10790
6482
4259
9472
8105
5799
350
952
9115
10994
9765
6777
6042
2728
3813
8419
1657
2268
4719
10713
9081
6604
9758
8122
2802
10925
4659
3617
3264
3888
10988
11742
10906
198
9269
1817
2693
625
11302
5241
1551
363
3073
6371
4959
4117
9337
7635
10891
10114
10221
11538
12228
8645
11645
7457
7482
4732
10165
2262
7364
320
8601
11058
4422
11937
2426
9912
2453
9626
12178
521
300
3321
1202
9716
2035
9446
4604
3550
717
7510
9657
9565
4235
6778
1287
3803
5590
6357
7579
1070
4149
8431
3148
8059
12125
10605
6308
11343
10437
10530
11492
8469
12160
7059
7922
1614
4085
12148
426
3937
11952
5971
10151
11460
10136
725
2070
2239
11839
8125
3096
8141
522
7456
8757
10296
10911
7834
6664
2860
2346
8707
1674
917
2247
5774
6821
1044
10624
9552
11119
8280
9244
2438
10108
8569
6014
9149
6958
473
11628
8110
11342
3546
2355
8617
2082
5885
11877
