1131
10736
2362
2186
6895
7034
11012
9483
4722
1707
1101
7607
12104
10064
9825
3725
9653
10603
11328
10940
1777
1990
8365
11324
4841
4489
9637
697
5766
12065
1868
3602
9414
872
11619
4326
10574
5699
6676
9581
2128
7976
5777
5287
11679
3394
5072
10883
2705
3234
7433
6899
12016
8824
10223
675
11986
8939
2955
8793
2196
11978
3209
2068
6026
1673
2297
11752
5308
2698
6835
912
9630
7702
2886
158
7991
8349
12271
6189
9736
9903
8495
10323
8020
7340
5562
8818
8672
5524
3770
2320
1790
11915
7256
8345
8599
7273
8906
9347
835
8126
5474
10052
11821
12188
10842
2919
8968
9269
728
11464
9141
2154
9605
7710
335
8385
5844
5976
9223
3493
3837
6749
9789
10943
4065
4402
8065
10461
7598
4183
12192
11622
1167
11808
9664
9345
7452
6899
10795
7942
9620
1899
4566
8082
4155
9584
5710
11627
9896
8566
1091
5756
4596
6327
7669
1182
11879
2312
9880
11333
11211
2484
1340
8712
11742
1170
351
4386
11865
1383
8710
5647
5741
3688
6596
11282
2256
2940
5340
4794
1851
2601
9565
8044
2213
3906
7366
5853
2002
9722
914
3926
9682
4393
11212
7261
7042
8648
3466
8608
2665
3317
8059
4160
9768
9624
9888
11507
7086
10552
9382
309
10499
3537
2601
11420
4260
10032
9259
3130
8984
7704
5746
11767
2967
11791
529
386
2883
8506
4667
2844
8309
3912
99
4035
3133
696
1730
7966
10157
1265
212
3577
1323
5207
3552
1118
7906
4266
7260
10835
5261
7704
734
10013
11311
4031
5268
12230
2518
4182
2311
2681
6340
6906
6849
6385
5969
10573
10125
3696
7325
5914
5997
8960
2627
7142
3159
5816
2317
10142
10946
8994
5472
7102
6893
7285
11306
3491
10567
3803
9105
8316
7244
2059
9788
11940
11800
956
3989
5949
8801
8047
3008
7960
9054
8086
8054
6590
5094
794
1111
3455
11713
10040
9781
3593
4530
1279
10648
11724
5934
3197
4634
1094
8031
4149
3580
7767
4016
9918
2778
6120
4807
5510
11635
7098
732
1539
3412
5690
5524
11342
4799
1639
10434
9215
8057
3623
7870
6697
5990
8611
961
76
6953
1741
7106
6067
2738
4730
3424
7382
7938
825
8230
3218
1008
3233
4232
7027
7213
680
4158
10014
3587
11546
2551
1047
1746
7902
9458
7199
3918
11361
2131
5714
4087
4458
8308
471
9928
9648
8927
2033
7622
2005
6922
5521
1338
5
2082
12032
8671
6608
7611
2462
4637
4926
2892
121
7223
8691
6394
143
2872
8097
7927
3532
4437
11045
9157
9849
10773
10697
6126
1693
412
7506
7813
3127
1287
10989
1881
10081
7416
7142
3102
7617
6570
7346
1248
9053
12246
8369
8948
6048
5109
1215
11549
6321
5877
1319
2133
6013
5371
10158
11230
286
2921
7190
3358
2019
3442
10005
2948
11945
681
8394
11555
5696
10034
928
10300
10441
1427
7976
6099
8161
739
8073
8430
5190
3676
12140
7550
3021
3574
12259
11441
4527
4873
10477
9065
7954
6661
7156
2851
11638
7195
11341
422
1630
2009
6521
421
9167
4243
7328
9306
10652
11050
11624
4897
10387
11204
5883
4102
447
6821
4691
3807
517
10805
3612
5375
1153
7904
7077
1400
8448
5547
7565
8330
11951
7240
8981
3291
10885
10151
1721
5607
10706
3566
10098
11312
6934
4578
8798
740
603
4791
6208
11764
1646
7383
11552
10279
9462
6445
8373
2631
6173
2676
4726
6930
9403
7690
2970
4150
7406
7183
10220
3311
8903
4430
258
6267
3970
9264
10209
2273
9718
5477
3551
7490
3520
5809
1032
4983
7854
2184
5946
9251
5475
8412
9198
11595
3317
3164
6905
11664
301
6518
8001
8389
316
4804
2126
7942
4510
3797
10098
8645
3611
4068
11385
2144
9849
11805
4429
10693
2643
6036
4794
5858
4148
3662
8774
4174
6483
3497
508
7859
7617
10235
7899
7744
1630
6925
9627
9192
10750
3382
10530
11868
286
1694
9830
1307
4664
11118
4622
3023
10552
6040
8099
738
6405
4006
6257
712
6400
4858
5378
4248
4827
1336
10956
4495
3625
6342
6489
7865
9984
4802
10508
10999
1155
5694
3557
7170
10730
10135
2419
2495
2222
10926
8600
5901
7275
3255
4913
2743
2580
2638
1349
5217
9269
1752
2248
3754
3146
1185
7846
4875
891
938
6642
1080
10260
11938
10733
2749
5734
9963
7536
9185
10844
2948
3135
8404
8376
7646
7033
9027
11879
9939
5968
7391
929
3130
1597
5008
1448
5094
6533
11102
7742
5553
9263
7393
10764
11396
10738
4188
10832
4192
7764
11291
1580
8058
10871
4767
10978
10641
862
697
8946
1586
3115
1290
1517
10796
11477
10167
3529
8516
5772
10547
4853
394
9413
6371
3084
6739
11508
414
9584
2907
6450
1006
12158
4984
10886
9130
314
5446
8912
8387
7119
5612
3388
5831
2291
2316
812
5619
10305
5463
11413
1971
7686
4873
3366
10305
11013
394
11471
8686
347
2601
688
4889
4362
3604
4007
923
11652
11136
11199
6484
1549
10419
5172
10226
7380
2399
9288
3063
11912
1023
3114
1861
1584
583
343
12197
11440
5401
7188
5315
751
11831
7484
6047
10160
4333
733
2740
9316
799
3191
2101
11160
1486
1380
11383
11893
8244
6754
4572
4870
8092
4251
11786
3024
5345
7620
2512
5115
3229
2856
10449
3522
6514
7062
11956
10144
2575
4537
7783
6923
5054
5106
8735
1327
663
2097
11452
4355
10515
3050
6126
526
3647
2449
11888
3921
5743
10571
9003
5739
10131
9654
3616
6956
7704
4997
678
10474
4723
10986
11863
4938
5194
1190
7327
2651
6520
8179
10103
9579
2273
3114
6379
7202
9106
8624
7675
4465
8118
4946
4410
11745
6320
6272
3395
3157
2370
6628
8571
8466
6356
10629
9764
12099
144
10611
1955
7363
5125
5718
11762
10137
7488
7283
11448
9163
6924
10832
10725
11647
2723
2880
39
1222
5133
806
5000
11586
9772
565
4887
4989
4249
9943
1034
12235
4202
3135
331
7529
8921
3733
3366
10561
6923
9751
4605
2503
7462
6781
8523
11931
8372
3174
8595
1387
7579
6024
7886
5549
4058
4521
1653
3799
9659
6920
10059
8221
3170
8124
2357
3930
12259
10176
7006
9315
5895
8016
