1
1254
11813
5257
5374
4624
10377
10996
726
1018
10805
6992
5911
2127
545
7535
10938
1728
4048
835
2525
8077
2422
1805
2294
1050
1777
4049
2089
2049
1045
7796
6429
382
12046
2503
5067
605
9041
6956
9923
6974
7917
10695
4231
9115
1440
11566
2744
56
8779
10211
11745
6008
875
3529
1326
3789
7852
2919
10593
11502
8511
5942
4134
10367
10745
5486
9893
6221
9908
453
2768
5574
9644
1200
5542
6383
4143
9364
6461
3643
9103
10970
4989
1105
9302
2447
8577
2683
9585
948
9048
3445
6591
6906
8668
6196
3136
64
6522
6403
4645
12133
1000
522
3271
9597
3707
3336
5084
9634
949
10302
2969
11848
12280
1003
4284
1843
790
7540
4919
11637
5755
3127
1067
10806
8246
5435
7384
5919
12159
9026
435
4774
1853
1041
2780
8333
3932
2839
8585
426
5777
6137
2884
3570
3584
8851
2187
2051
3553
6844
4654
11130
9005
10968
2481
2057
11077
3988
11618
6507
12171
11785
7012
6413
4896
7373
4414
5106
355
2766
3066
10596
2975
7083
9424
7967
11950
5009
1607
12071
9275
5456
9140
8212
11955
11279
11516
1489
11567
3998
11869
1747
3296
4080
4096
11871
4255
2344
2305
2555
8830
431
12047
3757
4591
5862
2126
11580
8011
5681
8643
11713
2747
3818
7351
1404
3289
7591
7428
11939
3504
6843
3400
11606
3748
5594
10146
3969
81
3262
10600
7991
5179
5874
4885
5868
9650
8724
2686
1058
11809
241
7278
8174
1170
4789
8374
6190
7901
2920
11847
11026
1479
11316
8758
8455
9452
6212
10911
4737
4611
6364
4895
6119
4890
12138
7270
10431
4978
11889
2249
6065
10908
975
6039
2882
1062
4536
10626
3728
5092
7377
9430
3202
9094
11973
9273
2948
10092
9987
1207
2031
3051
4075
10115
1962
2548
52
3763
12115
3006
9090
6957
11177
6498
885
3780
8855
7203
147
3
3762
10861
3482
3833
1583
6553
8410
2178
3054
7837
8687
5444
6381
1635
10316
8236
5184
12144
2505
7575
11942
7266
5415
6882
3150
5331
12147
6267
6147
3135
11099
6998
1146
11560
7509
2912
1815
2545
8579
5191
8633
11462
7507
404
2767
4320
10120
8232
168
1759
6055
10657
5735
2625
10587
3978
11367
11267
8757
7201
9928
955
5537
113
6523
7657
4169
5101
6374
5146
1359
8304
4433
4354
3600
4337
6860
140
3514
7094
10929
2731
8332
2678
3315
3328
7341
1153
8049
4177
2844
2566
10335
7484
8429
1426
6299
9408
192
7277
6920
1646
11821
3000
1566
9813
4213
11121
10008
2963
4324
2847
6328
8907
10966
12262
3009
563
5529
2370
10331
2468
10333
4976
9381
3201
7840
160
4016
9863
5468
11899
2500
1305
2033
5559
3123
8340
421
11796
8517
1177
1278
5042
6122
8652
10710
10752
1975
6561
6153
10659
8243
1673
8812
2437
8326
7443
6171
8653
11964
10276
7232
11935
10777
8747
6950
2399
9830
953
3029
1065
8298
9198
7210
8925
8960
3694
11612
11272
2738
4821
11635
3247
4079
2842
58
11287
9259
9970
4467
10123
11994
11029
5241
9888
12240
12288
11035
476
7032
6915
7665
1912
1293
11563
11271
1484
5297
6378
10162
11744
4754
1351
10561
8241
11454
9764
4212
9867
10484
9995
11239
10512
8240
10200
10240
11244
4493
5860
11907
243
9786
7222
11684
3248
5333
2366
5315
4372
1594
8058
3174
10849
723
9545
12233
3510
2078
544
6281
11414
8760
10963
8500
4437
9370
1696
787
3778
6347
8155
1922
1544
6803
2396
6068
2381
11836
9521
6715
2645
11089
6747
5906
8146
2925
5828
8646
3186
1319
7300
11184
2987
9842
3712
9606
2704
11341
3241
8844
5698
5383
3621
6093
9153
12225
5767
5886
7644
156
11289
11767
9018
2692
8582
8953
7205
2655
11340
1987
9320
441
9
11286
8005
10446
11499
4749
7370
652
6534
9162
11222
1483
4043
6854
4905
6370
130
3263
11854
7515
10436
11248
9509
3956
8357
9450
3704
11863
6512
6152
9405
8719
8705
3438
10102
10238
8736
5445
7635
1159
3284
1321
9808
10232
1212
8301
671
5782
118
504
5277
5876
7393
4916
7875
7183
11934
9523
9223
1693
9314
5206
2865
4322
339
7280
10682
218
3014
6833
3149
4077
334
1010
773
10800
722
8291
420
10542
8993
8209
8193
418
8034
9945
9984
9734
3459
11858
242
8532
7698
6427
10163
709
4278
6608
3646
576
9542
8471
4938
10885
9000
4698
4861
350
8785
5446
8889
683
8541
6695
2143
8320
12208
9027
1689
4298
7110
6415
7404
6421
2639
3565
9603
11231
480
12048
5011
4115
11119
7500
3915
6099
4388
9369
442
1263
10810
973
3531
3834
2837
6077
1378
7552
7678
5925
7394
6170
7399
151
5019
1858
7311
400
10040
6224
1381
11314
6250
9407
11227
7753
1663
8561
7197
4912
2859
9087
3195
316
3016
9341
2197
2302
11082
10258
9238
8214
2174
10327
9741
12237
8526
174
9283
3199
5332
1112
5791
11404
8509
3434
5086
12142
12286
8527
1428
8807
8456
10706
5736
3879
10111
9235
4452
3602
6845
5908
10654
1973
4053
7105
145
9784
4714
347
5023
6874
5407
9139
6958
142
6022
6142
9154
1190
5291
11143
729
4780
9377
10474
9744
3710
7098
3656
827
4782
11885
9522
7969
2169
4057
12121
10530
6234
1632
6554
9664
1702
8311
922
1022
3532
5088
2361
11334
6752
12176
5766
4632
8120
7188
5915
7143
10930
3985
7856
7935
8689
7952
5429
12149
8775
5195
1360
9558
3957
9611
8974
8961
4948
11136
4240
8112
9445
9723
1954
4805
3860
10863
5990
2881
12097
5012
5369
10643
468
9289
10723
2476
8076
1168
2281
9326
7965
9442
5961
3382
1323
27
9280
11726
6760
9919
1958
9821
1956
7313
2908
9088
4449
12129
8273
2426
6821
390
9789
10984
10256
6730
9166
3949
11868
493
3772
11112
11011
7247
6167
3637
1579
1537
10314
5728
6136
1630
4046
10616
3477
9852
3963
4846
6118
3636
325
2013
5057
354
1512
3542
5339
9890
2459
11336
9260
11224
3991
3091
5079
3364
3329
8595
677
1017
9551
7468
654
9042
8210
9447
12231
1002
3030
2319
7822
2166
295
1260
7048
2401
49
