10697
11192
2922
3996
4347
3757
8649
1520
650
9234
2150
11224
7
9975
296
6260
2991
1867
6737
1084
11701
2289
6925
11725
3394
7881
8951
2806
5681
10043
9037
10983
2469
699
912
11907
10235
3459
2562
2367
1335
2554
2815
1781
91
9387
6111
9636
8087
11238
5006
86
2760
10586
6300
8474
9124
5992
4712
9392
694
5883
6507
5660
8637
4041
855
6471
126
2458
1782
2341
778
7275
2124
456
5425
6423
1493
6938
11288
945
6574
9268
4866
8810
5365
11606
2914
9385
7114
2867
11193
2595
7492
8091
980
10092
5569
8839
2476
4684
2319
10807
12176
1480
8793
9660
620
10606
3737
9513
3962
5996
7227
10038
11285
579
4795
12094
6442
9853
10864
601
9317
4605
8660
1478
5710
9177
3683
8134
7111
5650
11548
5003
9197
6442
6328
1249
3279
1850
3155
2486
11628
4891
8989
11346
9507
11015
10995
2740
4434
436
9434
3655
7178
11949
3544
10482
7134
4450
7894
543
838
5878
5529
12277
11004
5167
2098
3827
10339
8414
1158
2486
11950
5725
6344
3953
9799
3998
1326
4590
7884
10725
7595
3832
3879
1079
5279
6349
10319
883
2387
6541
9836
11276
11726
155
11493
6346
950
1561
9970
948
4818
1068
3949
5720
1687
3304
8599
2921
7576
1
10498
2720
4103
5544
5662
6788
4785
9148
1334
9251
10141
308
4398
10154
5194
2724
5784
9198
350
410
8329
145
3340
2006
3867
4970
9161
242
1525
1267
12251
12091
7278
6613
1232
11166
5194
5311
7075
3408
10522
9360
6762
6140
1501
6442
4458
12010
2305
6745
3169
7836
3659
870
3156
9731
6915
554
10359
11971
6819
3907
745
12053
4004
1136
9203
3924
3000
12166
5698
1240
10580
3487
9255
5669
9433
9106
2684
11443
2912
11956
10956
6381
5839
12040
138
7548
10255
11942
1506
9114
9918
2116
3570
7573
7415
3956
8526
6968
445
8986
5228
2219
1899
9836
10314
122
7054
3076
12158
3878
11806
6980
7791
2870
11275
7388
3689
3189
9359
10228
5033
11189
4369
8646
1248
9045
2167
8324
2529
804
6806
4890
4936
5777
2306
6702
153
3572
7568
10857
8391
5012
4040
3643
5300
1065
2929
4368
4912
11589
5969
11211
3858
10190
9569
2440
5925
476
8700
6820
6030
4824
4456
6480
97
2626
10991
3879
4403
11263
219
3795
1972
8107
10432
1786
5432
6761
6396
157
9229
702
3378
9944
641
2995
9135
3864
5731
2402
10338
7180
8591
8450
8242
12051
11935
1550
609
3681
1595
5935
3548
1820
5624
3253
3424
8447
10741
2092
7183
1465
991
7418
12267
8314
3789
2222
5263
8758
1746
1206
9020
12265
1056
2091
1376
1363
6276
2638
8793
11230
1954
4930
7941
3016
11111
3860
5083
893
3886
422
9848
1267
8721
8484
3004
4092
2509
5346
4608
4111
4337
8939
5087
4210
4552
5511
11858
5940
11484
8883
1764
1106
10394
6363
8168
9236
4419
11655
5920
4131
9971
377
8185
143
11839
1014
9419
11714
790
4983
5209
5620
2122
3830
4925
4099
1661
11424
8996
6514
5492
6048
1002
10479
1968
4178
9339
8563
2995
9635
6704
9365
2437
7305
10093
11078
2437
4350
10549
8083
4181
3742
9206
5665
11729
2327
4987
8568
1285
7654
11733
1877
1399
658
10372
11607
9666
9887
4271
6279
9072
2036
5590
2277
5103
4694
8554
2617
5399
5826
6854
8363
40
11592
5113
11381
10166
7338
4613
7020
1193
2302
10632
5196
9358
6203
1957
8724
4085
9473
10547
5685
293
1509
5425
8905
11423
325
6279
7415
653
11344
7733
8707
4887
10753
9047
11805
1325
3593
195
2794
10658
4554
3428
8293
4172
8890
3999
10768
8559
1765
12263
5558
9830
6700
338
1790
3006
10818
5390
686
11322
1158
11165
146
6334
3503
7210
5622
3381
8668
1208
3602
1282
11780
9657
11499
867
6893
5607
7994
7417
7935
3772
11380
5847
180
1109
10251
4184
9963
4985
12230
9518
2890
10392
7334
4981
5258
4777
2382
539
12225
9772
4999
7520
7189
4796
7724
4476
903
3843
3445
5400
1229
10466
6695
9484
5106
2900
329
6237
11789
11800
8225
8023
4980
245
12265
5608
11561
4090
5124
662
12158
9777
7995
1354
5519
12176
3178
9184
505
9857
9833
6063
2378
7446
7647
874
8075
328
3621
4223
4916
6476
7879
3586
2576
9261
8391
1193
1742
10880
639
10467
2266
5982
10629
3397
3394
9206
1103
6792
4910
5608
2185
10565
2150
2766
4516
9260
9571
3049
7753
5921
12221
1773
2051
5788
10792
6911
7629
8906
5579
2687
2808
5298
9151
1495
4255
986
4631
6248
2684
9086
6945
1677
2949
277
3624
10763
4070
10776
11998
10453
11487
9561
6181
1791
850
2247
4891
9630
3475
11412
6927
12229
7612
7489
569
2292
7656
482
1152
10926
8460
8809
5847
222
8082
8085
5922
5144
2880
4708
247
3427
6522
5634
1868
3724
462
3359
12086
3768
729
8758
1314
6813
10277
8188
6715
3848
1240
1477
8783
2951
10486
4247
8318
9315
5895
11011
238
11094
6125
10194
8600
4496
57
4595
8391
9447
10266
7777
55
3217
6009
3844
7535
4109
11899
12003
316
4002
5661
9450
7453
8377
5301
12280
11802
3393
6114
10513
6929
2753
7615
5966
11348
2547
9690
7178
9620
5633
10806
5334
8138
2647
9100
6440
6746
1834
5851
9230
4083
3328
6039
1626
11677
11560
1012
5479
8708
1499
9783
8108
11016
2187
11706
7466
9694
700
1728
5718
9055
10749
6698
5481
11015
2712
3460
2445
6924
9900
3193
906
9350
2185
9615
1112
7836
12229
6836
2535
707
66
10298
4286
11061
8948
2325
8351
3016
7826
4383
7395
6531
12054
2209
7015
5242
128
6638
3583
12263
9482
3599
55
488
10329
11636
7480
10743
8404
2482
11546
3103
3388
8034
7858
9564
2634
7062
9933
10009
5589
3123
7378
10755
6939
10673
1566
10048
5793
1937
7068
4244
11385
1148
9565
7765
3853
5564
3850
10655
10891
9879
4214
7939
9284
4895
2536
10313
5280
10439
11349
3419
6598
10242
9021
10297
10498
7900
4592
1339
1079
1177
6842
6553
3661
6376
8360
892
6160
5554
10088
6471
6833
4218
4273
9294
