8256
10677
1958
6013
11122
2087
8896
6113
4354
9183
5734
5210
4142
3738
1000
7067
4519
4505
4854
6158
9996
9765
12158
10360
1006
9422
3776
5891
2735
661
10419
9611
7507
2121
5171
5032
1624
767
7517
10452
7950
5799
7188
368
904
1762
8940
4824
10180
10620
5374
2173
10266
5288
9285
7647
2269
11537
8710
3017
4219
3347
11918
11172
2418
9834
6918
8055
10941
7570
6974
965
4077
2577
134
6887
1234
2388
4883
10599
1630
252
7581
11720
6194
5914
10616
8108
653
2852
1938
11297
125
7554
3897
6842
9577
4562
2110
11363
11341
1587
10644
1956
4445
5827
8394
3753
5485
5447
482
11360
5042
11814
7733
9720
9208
11824
4528
6988
52
4087
42
11525
4918
981
7992
9911
4573
8400
8749
1138
4402
9163
3585
3493
5371
2816
7854
8035
4484
1335
4795
8154
11867
12282
5058
9901
7008
10257
4703
11595
9370
8046
9126
9096
1664
10758
9915
219
6409
161
5322
8920
5793
940
9124
8351
3847
9113
6443
5901
3897
2451
6817
6156
5125
9436
7709
10225
7683
7872
6043
2211
7507
10292
706
11020
4234
7362
7292
11988
6701
3742
5892
8218
3131
8102
1946
8285
2119
11798
5840
5651
12035
5046
1537
730
381
12269
9403
4539
9083
7936
1386
10873
7315
2409
3318
2631
10228
2023
6497
10520
5415
4221
6389
739
4012
5245
6303
10036
7817
3455
8468
9178
7179
4938
1161
11153
10548
1027
11527
12097
8532
3672
1215
9899
10838
9965
8970
8880
3323
2128
449
1083
886
9636
8594
7900
9566
8497
4762
5749
1158
11815
5716
1044
5944
2075
11439
10008
10367
10226
1937
3747
2399
4901
9715
7834
11819
511
6354
2944
7530
2330
3390
768
8953
8739
9786
8195
7131
5602
5785
2290
11123
435
211
8060
3403
11469
3226
1764
3610
8422
3393
3083
11923
8266
11913
2165
11736
5883
2622
6296
1915
1223
4240
1377
11175
5581
651
7438
7705
8432
5030
5829
355
9501
959
283
8517
3302
12171
11840
10214
10726
4602
2370
11464
329
4557
6095
6605
2180
9372
8094
11289
9976
7218
1682
189
10018
6725
8648
2013
8704
4622
5789
6681
2730
3962
5757
3638
3785
3606
11945
258
12143
7841
11531
5106
2031
10491
3564
10715
2531
1386
4677
7542
1126
4832
4765
9214
4065
11755
3647
5446
10979
4426
6272
5108
5855
4034
4375
9642
8773
12077
10636
1377
6241
7976
10375
4216
6072
6465
8610
1471
10865
4716
11559
1950
3305
6333
384
5783
11515
2988
11044
6611
3965
2605
167
5482
1074
4765
11949
5918
1093
11897
1509
9689
2092
1175
8145
10665
9061
3592
2641
12179
728
9986
8866
5414
9812
2835
1461
2486
11208
2732
4599
1045
8172
4832
2139
2593
5460
5793
3876
468
12024
7750
1264
3798
1440
6775
5046
2622
5072
11077
8290
6152
12271
10572
12066
9253
2532
3556
6746
9132
8910
4628
3028
5195
8363
1857
10941
5874
10836
1403
4286
6140
3428
1655
65
1530
9008
905
11460
2996
10938
10048
11859
11960
11470
5766
1829
1389
8568
10226
5052
9669
11774
11538
9164
992
8676
10989
8321
4713
7543
11768
11133
4627
9533
8356
9546
8679
7516
8098
7748
10327
1394
9518
1926
6719
9712
9888
7496
3887
5700
10055
3331
4213
2293
6093
5384
222
11958
9192
11508
6802
11573
12037
4629
2677
7128
3835
4091
203
6416
4980
471
2404
8021
618
8980
5113
6411
3018
7930
12052
11598
1466
5702
1710
8329
10577
11253
7266
1571
565
906
4107
1097
10284
5852
7705
4112
1328
1631
4037
5631
8027
9132
1145
5997
9891
2678
2413
9193
11166
8139
6924
6995
10846
4723
6532
92
9149
12239
141
4236
1427
770
4085
7523
6800
5242
6091
6471
4434
4760
2873
887
11356
5977
2837
334
2961
465
3665
1373
6040
7909
11280
632
6228
3657
10348
4257
6075
1232
1278
529
12204
8807
11042
12200
10787
193
5880
1181
8292
8921
3176
1575
2215
9353
2591
7290
4913
10153
2024
3092
4068
6625
2333
10926
2422
7676
12175
2608
6131
471
10895
7241
10563
10398
2658
11588
4903
5982
7849
9023
3500
8895
8581
2140
4805
649
12253
3369
4379
4633
8432
11272
2915
4013
2285
8515
9897
7393
11575
11455
11506
7059
2675
12109
3293
1414
4160
11003
5839
2507
3209
1309
2588
11138
7213
1978
4080
3996
5125
8192
1501
9485
11549
1850
10675
5143
10051
4280
11110
1639
1827
1184
10504
5499
3469
8919
4225
6415
4471
7890
3726
8746
4509
8786
6952
7839
8880
7458
9482
2143
3384
10243
9895
8800
8886
10222
10232
2665
10248
5520
6708
510
6615
2047
877
4080
4679
11959
1499
9427
3371
10346
6781
11514
2832
10610
8194
5037
432
7661
7592
5533
229
6513
2436
9787
1869
6119
5009
5362
2233
603
9877
3140
7173
6237
1848
2696
7062
448
1686
2393
4571
11909
11747
10032
840
2380
2887
333
733
10404
3099
12225
3295
226
6870
2802
4515
9855
7402
2788
5144
5056
632
9686
9590
6461
9620
1803
4597
366
1113
7355
10645
2130
7634
2273
10821
9337
9859
6552
11461
2449
3830
10243
3701
7717
9650
8575
8659
10973
913
1936
3933
5503
3
9056
9567
11317
208
5610
4493
328
10797
1108
5580
11296
5433
8325
4727
6350
10107
7112
5421
8078
3744
10895
6994
4207
9678
6390
1016
5894
12219
5633
6381
7848
11421
7880
2923
1700
10994
8680
5011
894
11310
7783
12170
5621
5611
9293
5880
8044
1737
10761
4623
3506
7097
2097
5830
7756
2508
2684
4775
10521
2720
3486
7068
12119
1425
190
7683
11456
262
3717
6351
7291
3811
10463
3232
6790
9654
10001
7997
8905
7090
8981
10182
3124
8387
11322
769
11949
839
29
5183
2979
10412
11281
8647
6097
10429
6354
5960
7922
1525
7923
9947
8979
10684
9186
5254
336
10736
9346
483
3664
4983
1794
158
3588
9680
9578
484
4174
3060
89
11377
4486
4222
9824
11831
8132
8167
3148
3880
10413
9196
6410
8545
10783
576
5418
2566
1035
9296
11520
4677
6829
9620
10214
4716
1713
8102
4336
7634
1682
9990
6481
1584
9328
1341
6408
9174
5862
341
4651
