305
5675
4515
4541
1293
5053
11066
11771
6639
11777
11731
3991
6667
8358
11891
3354
4726
4294
397
2535
6897
9977
6792
7402
5634
422
5061
10742
1052
3056
1314
10490
10611
6418
8360
10251
2935
1921
4424
4879
7044
7398
10779
5507
11213
1109
9907
2807
8591
3426
3678
3761
4258
10670
10903
9559
6939
12272
6432
3943
2161
4443
5254
6267
4757
6950
6284
2005
11379
6941
10153
529
7150
10231
8363
2556
3406
1893
1287
2970
6087
12049
155
958
925
271
7385
4616
699
4859
8511
12115
12123
7495
5547
2309
11963
2026
5607
9406
1213
6655
7931
2001
523
612
8225
5675
342
57
11348
9509
7216
9115
8663
7832
10501
5479
4761
3451
8617
2000
5072
7322
11770
1535
3395
5462
1815
9320
2212
3807
9174
82
9180
4140
6302
6930
4986
4146
1740
1064
10931
10456
8529
3115
869
1416
5640
7446
4065
1883
11793
6109
1664
187
10367
11642
9227
9864
5596
10692
5066
9112
8279
10735
9770
11257
10570
1555
10132
2931
7749
8863
3337
10655
9512
676
6618
2187
11575
5023
11075
12103
1007
2423
2763
10323
7289
9320
11814
9170
11353
3082
8813
9724
7058
7535
2502
8535
11382
2797
4395
3475
10456
3113
1561
883
9943
1602
1651
5022
2855
1058
4859
1673
9308
7501
339
1218
2961
171
7392
1244
9571
8674
6774
10434
10775
5337
6958
10101
4842
5200
9767
3363
4312
3971
9344
11895
9413
6504
4428
8358
4014
5629
233
709
1841
1859
4873
7501
10582
3521
10512
474
4525
2970
1758
607
2880
519
4972
10469
9382
11039
7083
522
7120
1695
8318
11065
12252
10418
11369
10240
1211
1292
4043
2230
1710
10816
8224
7865
8426
6151
8552
9
11497
8654
207
8413
3760
2564
11248
4718
1857
4167
93
5821
5042
9579
1230
4889
1791
3467
6842
2163
2595
2057
4013
7666
6849
11903
7698
11890
8953
8919
5910
545
9882
6245
12227
4092
1788
11987
3881
9880
219
290
6105
9779
7528
12105
8740
2043
6410
68
243
3740
12108
5355
5520
4680
4919
5689
6334
7703
11917
7809
7328
2012
6390
11154
4977
8158
1696
11075
739
9141
378
167
11651
7074
11164
11213
5633
10049
5018
10301
8345
10826
4970
3161
3118
4300
3923
8438
8199
5756
5130
2850
663
1522
8778
4265
85
10856
10040
177
10174
9665
10484
10992
9490
12260
2142
522
9000
4192
11339
11807
11618
3936
7771
5505
9871
3385
6545
138
2775
11246
7846
7436
8468
3032
6662
2664
3010
7694
7760
5521
4724
890
1086
9311
9139
9509
11679
8854
5967
3312
4702
9313
11675
10265
12279
11793
2128
12280
3246
11059
8914
10686
9652
6204
3020
6893
712
11269
10048
3400
858
1854
341
4821
9134
4086
3065
11846
4688
6180
7157
1319
11853
5791
3639
7603
7430
1678
7740
1732
5997
6872
5348
3889
2829
8651
12160
8495
10890
6709
10877
2486
11376
4150
1354
10091
1972
11622
9648
6046
6327
2317
2530
3562
1781
7317
11582
5117
1317
8864
5378
891
1677
3674
3866
7480
4876
3476
3809
674
5202
6778
5009
7443
4854
2848
11372
5789
7394
10296
9034
1161
3393
3339
12273
10659
9333
11900
1280
4945
11554
96
8703
5954
2622
2723
11282
1298
7120
4880
4090
7032
52
10176
2343
6743
3109
7974
12220
4920
11273
2358
2146
10845
10659
5004
4636
8109
11592
12172
2732
4060
4898
3115
4650
1930
1239
8789
11065
11908
7762
10383
6196
5999
6175
8831
6405
5878
9710
9984
2131
10729
4904
1645
1615
4928
6171
2701
10607
5553
11769
4366
11336
11168
7813
11180
11563
6574
7535
6830
12114
7972
7413
10826
9631
9785
7291
4266
5932
608
5494
9698
1089
10503
630
5432
12159
2311
2646
1190
10968
7561
3577
12191
11630
7539
9172
8887
6061
2530
10342
9243
9277
2144
5973
6362
1052
3317
5550
3095
9451
3377
8139
10735
1650
8848
42
11583
3604
5335
5885
12154
10334
9889
8970
11277
5320
2064
10135
10575
2325
5390
6837
2885
6609
5091
9566
11292
3046
7031
7562
11482
8890
10036
6138
5445
375
9313
11653
12254
584
2869
11513
842
322
1975
4169
9524
4405
7578
9428
5332
7486
11761
1294
6493
3155
2460
9435
71
7403
4441
8142
1516
6749
3559
6325
3354
5255
397
11029
2499
11948
8339
9090
11140
2973
5451
2215
7814
7869
5819
11550
1954
10293
6390
11659
1905
10587
6181
11163
2707
11865
3163
1598
11791
11572
10432
10206
10020
6071
7180
3877
9885
9816
6333
943
5807
5769
9224
9357
11840
3174
4360
3691
11903
9251
3859
11615
11535
2406
2768
8920
4898
4202
1232
12089
4221
1391
6094
6910
165
10029
8973
1166
1175
3003
9100
1335
2604
2437
2675
8323
4806
10194
193
11050
7074
2915
4725
8259
8433
2245
5656
7247
7440
10631
8682
7036
5269
3243
4634
4857
11516
8855
12222
3807
570
6944
4455
301
5785
6079
5180
2589
11518
6671
6738
10869
9389
9039
2417
7944
10298
11584
6763
9225
7853
2229
6862
6541
1622
2319
6941
9418
5160
10103
618
5481
11957
8609
9258
11067
6536
5995
9179
5664
8635
527
8054
4039
4423
1286
7690
4918
1933
9602
7980
7688
8844
9491
3050
1639
11436
7018
8310
10608
9594
10185
10160
282
8784
2514
10232
11905
10017
10922
5127
3248
9675
4883
3847
5778
8310
5724
2489
7122
5141
6765
7870
4968
2324
8020
2731
10313
4481
10863
2635
6762
7242
7382
3563
9829
7869
3344
11667
11066
6154
5733
2377
1023
2067
5465
904
4746
8544
5710
6604
4125
5278
3055
10369
6687
9704
7465
2481
8006
8544
9698
7242
5719
7598
3499
9792
8373
8759
1308
6488
66
7505
8254
5304
9656
7259
3662
7660
10687
2701
1195
1353
4446
2022
7524
2855
4718
8707
3955
7136
8217
5271
7870
825
2770
1083
9768
162
2417
9439
10870
8880
10958
2458
4008
8235
7711
6843
1949
4519
7511
9763
3027
3373
8915
11733
5667
9138
2775
6377
9122
1549
10220
11026
9979
8131
10826
2003
2169
10658
1328
11933
3431
6609
4408
9649
4924
3135
10830
9498
9719
12105
862
47
266
1276
4365
11495
953
64
4197
2703
6940
5697
