3309
3797
11248
1245
11847
5327
7264
9820
5089
4288
2061
10165
5825
3510
10955
9713
4472
9348
1353
1373
10350
6920
9704
10581
3665
7347
9211
9916
3767
11325
9693
2402
12232
630
11153
5326
9160
1470
9460
6872
4167
3718
351
7398
1318
5483
10287
6647
2473
9592
2778
7112
2797
7045
7667
6926
8351
1515
1940
3589
2367
9051
11519
9447
11212
9105
6593
7302
2849
6590
10785
10157
5007
4317
1462
10634
5205
8506
11549
5976
5153
6400
6397
10221
2252
4796
8197
4031
11317
9538
8147
9418
11426
8966
11159
6300
6651
7754
7254
791
7177
3377
10552
9526
9817
6151
6858
4920
12086
8085
616
2115
5003
7889
3334
10664
12033
8452
8092
4430
11792
9272
4862
12008
5802
5160
5324
3062
11651
6449
8613
9615
8940
1112
1372
481
6489
11638
7886
11151
10501
10306
8447
9686
11194
8463
3290
6625
8688
556
5364
4110
4520
4580
495
2083
2103
5226
5112
441
10897
6248
1368
4239
3568
5511
6864
6204
10497
5647
4302
4056
8754
2996
12257
10868
8901
939
4278
3607
3089
8901
4097
2731
3279
5521
1738
2989
12136
7215
3090
11641
8056
8133
3577
10732
11459
11416
6162
8162
11030
1690
43
11677
1851
9202
9968
4514
7494
11947
11991
5120
11419
11215
5341
9437
4047
8131
8944
6857
1200
4507
4614
10838
7973
3646
2572
2658
1645
10213
4862
7385
6881
1544
3267
7442
8892
2388
10001
9032
9253
10780
1255
11834
6219
4964
10582
759
3609
9531
2304
9192
48
8986
9921
6583
10215
9506
4587
6761
11858
10298
2058
11553
3964
1187
9344
5924
12030
379
6560
11563
3624
1412
4308
6857
6982
8158
9855
5170
7550
4634
12142
3399
5177
513
11207
4946
11268
434
717
996
2170
1122
7064
4236
7912
11716
9273
11706
6563
2444
420
6711
11228
9607
2100
11863
8594
392
5400
2238
2714
7251
2692
1973
82
2370
4929
9405
1739
11868
6437
4961
8961
2855
7482
7840
5293
9759
855
3560
8714
6913
7913
7987
9160
11886
9816
5941
4931
8377
7367
8778
7512
4239
1571
6434
4251
8777
9209
3680
9830
9409
2107
5869
2391
10083
1763
11470
3817
11661
2496
7222
8451
3504
5716
5277
8437
7441
9811
1993
10867
2960
5005
5880
62
4519
3105
3352
12068
4472
4732
9366
5788
1759
10655
8278
2397
11376
11095
7821
11796
9263
7087
2999
9800
3400
2783
8611
4964
6997
5045
2850
1286
502
6746
2794
9571
3408
9803
2749
8707
7497
2684
10483
4174
9316
2810
2889
6627
7505
10541
2158
662
10281
9262
11175
8946
6425
1956
1576
7528
3083
12283
103
9363
11426
948
7221
11193
4147
2255
3581
4381
10195
168
9260
2298
3643
1032
6371
9235
6144
3733
106
4445
9843
2719
9523
7856
7730
11720
5822
12281
59
5765
9778
9057
4403
10927
10130
12064
9597
6706
8747
11387
9657
5141
12120
5215
10643
1350
7519
7635
8796
11312
7431
10645
8424
2077
8652
986
2693
4097
3417
7504
7058
11374
12100
1245
8245
5518
1232
3851
2302
5724
214
7303
4078
4193
1557
2397
5584
7885
6913
9815
8458
3680
4652
7833
1357
5046
770
1844
271
315
4851
1528
11885
4617
541
4824
11373
8633
7771
7917
3543
561
5588
10086
3243
4152
9379
1637
1011
1776
8914
9103
3333
6517
5854
4769
1555
3652
5393
2033
6344
2737
10013
4671
10239
1981
280
11609
586
4801
12006
684
6606
6305
875
9943
11356
4282
3069
7377
8225
4528
9921
10399
1642
11255
1773
9184
5673
5994
8744
2559
10440
74
11204
7702
11746
320
4462
8754
9277
12216
12196
1620
3658
6328
11232
4272
11471
5644
2344
11907
10464
8093
7883
5398
5046
9291
1002
9414
4510
634
7987
838
4896
4346
11496
9477
7485
4002
5947
10329
1862
6153
10015
11340
8911
2783
3831
11498
10836
7018
10278
8707
8092
7522
8666
3460
3526
11571
673
9126
1291
443
1600
11831
11353
11033
5621
2347
10124
5868
10106
10511
10201
3060
1010
3661
5023
2869
10274
4181
9134
291
6937
3567
4271
3135
6
6893
5207
6427
10809
283
8997
823
1505
10988
6276
9295
8809
1894
11260
7895
9137
8075
245
7070
9074
8454
3443
6252
9648
11433
8394
6294
10748
6554
11861
11729
1810
5462
2905
181
331
2200
3177
8821
7586
3682
9870
6106
334
3187
1560
3021
11640
4068
3448
9572
1126
8955
4874
10376
904
9533
92
3966
3565
11859
1009
7941
3989
8310
6552
3268
4614
3972
10322
94
7185
9520
3349
1668
7780
8915
830
3595
10843
5970
9253
3218
747
9572
11982
1185
12093
10779
504
2634
10299
497
10941
9848
1141
1042
6108
11268
2020
2680
454
202
3
2975
4657
3763
7485
2048
11076
4345
3796
4552
11610
369
12239
10319
831
9753
1901
1437
355
2749
1829
11231
3008
9096
219
7771
7642
1323
11779
7771
736
1050
10358
2796
4362
6228
10576
8785
8443
4337
2180
7854
8849
4873
8032
6156
6712
11392
8173
6064
11338
5945
11196
8252
6853
7122
7153
2214
166
10536
1405
11384
3852
5400
7580
11008
8425
5605
11059
999
2303
1350
4393
4329
6844
2210
9482
4538
3863
11292
4173
1805
3003
4289
9687
5152
2601
3717
5746
5628
10033
1331
12183
2044
12151
3259
9012
11256
5145
8896
5675
8252
2182
3248
5596
7110
3005
4697
6278
2871
6334
8528
8390
822
9724
10175
2320
2884
7428
1618
2248
2077
3886
2953
9579
7688
4363
4468
3100
989
4288
3908
3645
7088
11633
823
8518
2117
9772
8369
3511
10233
6224
24
402
11310
4808
11928
10310
3024
3886
7754
3060
3080
4494
4872
11747
6500
4780
5734
6806
8600
6918
4212
1921
2949
6628
10161
10747
9052
5345
1296
7901
7352
2030
8119
7968
854
9946
11715
7949
6611
6592
6772
2014
4859
5669
10119
10217
2239
8175
12127
11019
6662
12097
8948
9998
8230
2996
1798
10291
7298
4641
2801
1992
12075
5834
8652
3132
3722
8475
9702
6816
12163
210
4463
11015
2840
11014
11322
10276
706
9662
5437
11136
4896
4815
11155
6123
11723
4536
5657
7674
8059
2595
1476
5695
2209
3486
1323
5198
3713
989
6558
11886
