409
3986
2537
6779
6164
5540
6898
8335
791
656
1640
5545
6701
2833
5458
11884
2989
11167
9939
9174
9768
2051
1809
9068
12208
5484
1545
1058
9729
7086
12104
9045
11931
10090
7484
9078
6654
4437
2600
3252
4571
9461
4050
11622
6104
10156
1791
7326
3463
3736
8215
3706
9474
12016
407
10656
8962
4602
7410
4928
9855
9649
4542
5980
613
2154
4110
1737
8414
10521
10734
6635
10578
824
2468
7503
6947
9405
9590
10693
10586
8374
8035
5908
10143
1268
475
586
7874
199
9763
10659
6411
3187
9558
8409
2909
10025
11732
8133
10920
7174
3045
2769
4587
4370
2047
7264
611
9385
6761
1341
6494
10219
1292
4656
5419
5297
6498
5272
9249
4434
9362
845
5505
12161
9453
8690
1991
42
1705
3168
8422
4716
5327
5328
3396
8182
11479
1318
2606
9258
11908
2695
1567
5013
2554
9292
11331
9815
1857
10331
3983
4619
4961
6482
960
8581
7453
9447
2166
4048
3420
5769
9611
5784
6795
155
3354
529
2236
8120
2158
1356
4691
9935
6233
1693
2753
2417
10437
8473
9498
11003
7644
8162
11586
5419
3137
8419
895
10362
10977
10671
1043
8700
4901
8100
11418
11462
9140
7989
1660
4076
12075
1027
9546
9712
1672
6571
6078
1285
1729
8758
12048
1493
1102
6200
3435
6367
1544
4259
8405
11042
239
6908
2980
7697
4676
4637
5806
7326
8783
11476
5323
28
1590
8990
3863
7992
8114
6120
4494
9904
6403
8030
88
11117
7770
3617
2013
2927
6512
9453
1435
5991
6708
7541
7664
8940
1571
1052
12022
415
9798
8174
10128
1684
7508
1626
9033
1738
364
3481
7689
3388
3501
2334
5833
1954
3900
2367
4259
8199
7634
4757
1577
8089
5834
2532
1106
3409
8571
1309
1711
2437
10626
10889
7741
3273
7857
873
4348
7192
9111
925
10944
8316
9491
8747
4030
6792
4209
10946
1549
12269
11102
8461
655
7392
3815
9799
10612
9538
1054
5019
4303
8608
9525
2496
4074
5606
3323
8909
9707
10235
2186
463
7678
572
8885
11243
7884
6
498
922
1184
9472
5840
2108
7802
33
9870
6412
1612
11542
2271
7612
2029
6157
11717
2760
1874
81
3016
7979
11172
2692
4185
9297
278
1661
5505
2349
8028
7213
2489
509
8977
889
8037
10710
7412
4690
3975
6810
3679
2775
6283
1194
2593
3602
1587
9622
9321
7876
3078
5072
1951
5350
11857
927
3852
7005
7204
10495
6862
9668
6951
2058
6926
253
11267
9648
3826
7949
5701
2648
2545
5391
434
9287
9551
7591
2118
9619
9439
6057
9830
4948
9554
1537
10624
2943
5847
11230
10195
7754
6410
4863
12206
2651
2445
7181
4891
11031
7854
3063
2590
9517
5129
9865
7370
1598
3445
5141
7220
2548
1698
5986
5158
9242
4238
4814
6436
12007
11032
11694
11493
6331
3545
948
7970
1447
10934
2926
9536
2715
9810
3386
9303
8138
2696
3318
8066
3373
8550
9818
5915
3471
9903
434
10500
9784
5009
6645
6213
8495
11486
1795
6316
2294
11235
7503
8498
2372
3329
9566
144
4384
10173
3792
3313
437
504
256
9530
11243
11309
8322
9379
7855
3775
6210
2793
8510
2267
11945
548
5443
4865
3591
545
11413
575
10246
9195
263
11181
4227
2250
7259
7831
7612
4378
3218
5289
5367
1359
707
7311
9461
7485
27
8006
1510
4209
9867
1896
5579
1885
10044
4444
4853
5018
2987
3716
1031
2900
10460
5862
5473
6274
1358
10258
3126
11018
11313
8441
6556
11744
7050
1789
1732
8432
1227
7916
6069
408
4779
7052
11923
7003
9030
8745
8792
12148
8597
6087
12108
9729
5832
5733
10262
2019
9323
2731
9404
1846
11197
7354
9438
1478
7631
8391
5484
11587
1446
1080
11883
8909
2408
5023
2978
8574
2290
7587
7721
1892
12040
5959
8365
7803
9403
1793
6900
7110
4723
8476
2512
604
5164
8314
9470
192
8628
6844
1709
3061
7049
8330
5225
3372
8198
4208
6766
8885
8202
4395
7426
5663
1137
11557
2838
2437
3037
6979
3015
5432
4250
473
1271
11034
409
2189
9933
3556
664
3287
3038
5014
1147
1665
10810
4913
2371
7372
935
7695
11791
4683
7814
5511
11131
10664
2965
363
8697
1215
6564
3533
6692
9105
474
38
4848
2407
1787
188
4504
10931
8634
9969
10514
6778
9618
3681
3230
11857
909
4490
3086
8453
1637
6078
5298
5483
4737
232
3567
6500
462
3177
9534
7449
10854
12163
10155
12280
11354
10328
6681
9079
10163
10566
11083
6311
3264
6774
9688
3289
10849
17
11179
6331
6857
11105
5483
2811
1732
10660
9742
6132
449
3385
6037
6402
1260
6314
8879
8639
9158
924
9836
584
6295
6904
2148
1940
6062
1844
8556
3348
2490
1656
4710
8891
1538
7997
7190
8416
1502
4355
7565
777
6761
3915
1216
11207
9714
2486
8039
11704
8261
3059
6087
1186
7756
8357
7987
10996
973
10282
5527
9009
496
244
9173
2049
1849
10220
1770
1312
7017
667
9699
2670
6940
8580
127
3235
10235
1534
3493
10490
3699
4763
3220
7641
8387
10691
2614
9455
10221
3599
8572
2058
5152
7650
2549
2865
10086
4008
2571
11367
4027
3674
2280
6499
4555
3524
10287
2301
4094
11528
1997
10811
1517
5949
2807
859
10230
245
2237
7139
11950
4651
811
2027
4757
4852
7375
1162
10968
6394
11240
9490
8194
7379
11266
10116
5022
272
1261
7995
8584
7262
2867
6698
5463
243
1066
12089
8848
5003
6528
6697
6230
1501
5495
5149
2353
7379
2391
11380
7814
3909
1752
11818
11560
1717
10042
5685
8881
1639
2585
11456
2555
5238
11433
2991
902
6140
8223
235
5901
1672
1220
6454
11458
10791
9424
10179
11644
8206
3152
5659
1869
5599
1524
393
7170
9000
8142
10041
2465
2788
5841
9981
6542
5487
8643
329
4200
11858
5880
7590
6489
3419
3106
7223
1595
2365
349
2549
2840
10172
5379
5013
4991
3579
8038
10902
2568
10060
11364
5528
12216
9529
8333
7200
2990
6685
2928
5625
3238
3002
6880
11631
32
6996
655
8833
1384
12115
2213
4147
2122
8635
5625
9089
6105
205
8793
5988
9196
3481
6990
6111
12216
5102
5761
2046
3731
