6257
11813
4278
7221
10239
11951
6906
4195
632
2823
418
8242
3318
8653
9626
389
11237
6963
8297
6899
559
4701
6862
6942
7391
8511
11279
194
10318
1965
4339
18
5866
4104
7445
11020
226
4359
4046
8673
1327
10291
3037
520
8709
8362
10765
10803
6055
10720
10410
6696
9881
7175
11583
3444
404
8512
9359
1776
11255
9419
9002
3473
11683
6797
4060
11081
1711
10438
8943
1140
10085
8359
6324
4587
10189
6529
913
12081
5036
4246
6425
6485
10417
6880
4415
1058
2496
11242
7161
2988
7880
1534
4793
3316
6952
633
7730
329
2374
299
8564
1886
11098
11894
11502
5180
10706
1012
8011
2331
1616
12196
9699
6382
2239
1756
8034
10055
4063
6413
2402
10762
5634
379
5942
7911
4190
2557
8771
1098
8710
132
5020
6235
365
3443
5219
6460
5744
10867
8043
4245
954
9307
9184
1777
1046
3113
10975
30
11932
10895
11260
6779
1275
10427
4196
3700
6908
726
4883
4559
10510
8353
1185
2272
10479
8010
8385
1772
3215
8431
4759
2678
1456
10546
868
3270
8387
5395
2257
5274
6406
1528
10200
11743
7062
11443
1180
7797
5083
4274
339
10081
7968
1222
9738
9389
2441
5113
11352
4424
10271
1724
5648
6104
11446
2800
2608
6927
6799
10916
4195
2375
5423
9047
10413
5717
11761
2242
8619
3001
6115
7026
11259
1672
62
1922
9154
3466
10935
11526
5797
4832
3871
5641
10608
6626
577
6541
3072
2810
1678
9043
5633
6907
9237
3145
2780
4464
10436
5409
1851
3598
3788
6608
5216
11930
4537
4030
3682
1031
8231
9144
8752
6833
1615
5969
9619
12228
11766
1463
9339
7731
1653
3043
1068
4687
9850
3053
824
10095
8754
9699
155
1166
1029
2905
5993
2093
2418
8750
5153
3485
12042
641
3488
5565
11364
4759
10317
6013
5417
6590
4439
9453
257
3173
5425
11161
6122
4675
6913
2652
3178
6180
5438
5834
6417
8681
7150
5022
9412
11447
303
7413
9186
3560
9581
12158
2172
1872
29
9491
1960
11315
5146
1995
10454
6499
3989
11353
3621
2882
5879
11453
745
8859
9613
542
1855
2350
4028
2840
66
2765
8040
6190
375
3607
7176
8460
1858
8437
3834
9770
8818
12239
10460
5877
8679
2316
1827
1341
4114
1831
1351
8753
11087
12023
9767
160
10907
9883
2956
1995
6065
10637
6877
10334
4510
12037
8056
987
3406
3190
5523
5959
5358
162
596
2685
11110
7160
914
5860
3576
231
7977
4264
9202
7251
9069
409
8639
7283
6471
11918
4570
7309
7007
973
7203
4292
10477
12124
1354
4281
8657
10360
2826
10306
2105
2053
2417
7218
9604
11521
5699
951
2494
5816
5233
4693
2590
3575
9045
12011
936
9074
6042
2149
4409
8068
96
9982
9762
6539
9349
8309
4903
1135
5720
9780
11496
10706
2152
11488
1899
11938
4310
10774
6820
6222
11965
6317
2685
11128
10519
3210
7683
12226
6283
9260
6537
8359
6361
10297
2089
5188
9434
11981
582
8137
3367
2654
1087
7687
5708
2945
8422
9220
2898
2762
2977
5365
4712
12059
6045
5427
90
538
3946
9853
5653
7692
6665
1291
11559
9866
9564
6107
11832
3703
4611
4383
3542
250
2110
6485
9195
9341
7430
6649
2174
2411
5246
2701
2784
470
9727
3036
8992
10236
4866
4795
6052
9264
11518
9680
8629
7268
3384
3162
8267
11803
1521
10259
7330
10981
10335
1314
9467
8631
11997
4004
801
10482
3319
11440
10767
12055
10831
8413
3185
9905
6183
8130
11605
2571
9777
6259
12175
1423
2450
4528
7343
6725
8894
9868
2521
9073
5404
2709
1186
6129
8917
11094
4635
1223
8606
9587
9410
4037
8466
8988
4733
5899
1752
11188
2072
6830
7351
6343
11502
2791
9147
1925
8731
6283
2392
4905
9674
3103
3958
8124
10351
10818
8532
1694
10045
2291
8037
9308
2230
1444
7692
3618
7545
10144
4411
6888
11750
8208
2296
3666
1996
7501
3431
3841
2238
7537
3155
3424
2376
3982
199
8164
2692
8197
9837
4861
1721
4621
3691
8450
6134
3769
9187
10102
5772
4100
9562
6518
7627
2707
5467
10531
5913
7667
4081
3567
10641
4484
5931
288
6191
12137
10127
11590
11299
10356
11776
9206
4436
10648
3486
8137
9597
6992
3472
9407
3674
1339
6910
6234
10895
7896
9639
7961
4628
9901
8549
91
10584
10382
2571
11942
10573
11703
3094
6342
10846
122
7356
11837
7914
8917
5689
5794
3058
11867
434
3176
5291
7488
1188
8263
5985
11123
3451
10357
6091
2491
8202
2112
11981
3238
9856
9216
5755
5561
3802
9796
5651
7914
9066
7381
11275
8532
6705
9544
11851
102
8458
11765
8823
7643
11272
6083
6365
10101
853
3324
2864
10913
11206
7970
5245
11407
5809
11867
1506
7589
1863
4672
11330
2259
5972
11354
7498
9143
7327
1906
2656
10217
6100
4798
11291
11412
9422
11579
6234
1865
8166
2853
6389
5155
11300
187
9264
7858
8085
223
8265
4500
10799
11400
8898
11482
2837
4757
8036
11299
3239
4477
1446
11659
2798
8153
4489
7752
35
69
8265
4922
9989
9957
7350
1543
7732
10820
2791
106
7269
3894
477
7854
10054
8459
4913
1511
298
11609
9010
725
7544
9346
3714
8272
160
4739
379
9450
3258
10605
3123
4088
10595
9631
4012
8233
7644
4929
7941
9134
11436
8765
2260
8738
2055
9283
3746
998
5881
6371
9065
1387
8059
1105
1826
12061
10281
7173
10869
5491
2274
7146
10758
5285
802
970
7425
6997
2358
2267
11226
1443
1158
9218
6250
10426
4804
6626
6049
1306
10731
6392
3738
7589
7100
8516
7887
7946
4891
7650
9243
4713
6969
9818
7567
11689
9817
1846
6223
100
2424
3463
5714
3454
4388
7858
8689
3469
9913
1717
10706
6568
6969
4853
4995
10554
4566
9635
5000
11788
5056
5828
615
5314
9152
2467
2161
8120
5692
6120
3859
6785
4227
5145
10117
8964
6713
1083
11595
8027
5139
427
9005
3484
9124
5614
4400
5053
7889
11492
8577
7748
9664
466
1271
11303
3086
3862
8151
3013
2804
7970
553
6484
1159
4942
8068
7868
2521
1247
5356
2842
1319
11909
5498
4396
425
6217
5197
7028
7012
4215
8068
8427
5977
6404
