298
6945
9424
3345
10510
6963
11019
198
3092
5948
2161
11765
2314
4778
2260
10605
11410
10224
922
11105
11108
4082
9041
11937
2966
3250
8183
6482
1078
11054
2881
7834
8626
9280
12276
10085
11718
6021
6562
10114
9435
3817
7434
11517
7613
12053
364
5971
1929
8505
10848
4482
1808
6886
8310
7510
11640
10091
936
2268
3954
8201
7114
2438
4726
9305
4092
9792
8298
2278
9904
363
12236
12030
2576
8792
149
2347
1565
7059
5169
11150
4951
10397
2757
5015
10413
3321
4699
6390
11224
10994
6019
124
9390
5774
10573
2077
11416
65
930
1135
6309
4732
844
11249
4828
3234
9552
4963
5640
8125
4591
8168
5513
12248
7108
9301
9242
6357
6606
1750
2756
10925
10340
8412
6504
8110
1394
11637
8380
12235
3038
8557
11121
625
11617
1098
3342
2277
4890
9444
6804
10530
2762
9992
2943
5336
11916
1530
1559
9626
3180
4235
4697
5799
1122
9826
1497
8707
3136
8250
499
320
10741
3197
436
8645
10915
9098
5373
10856
7391
11611
2
725
9858
1405
8549
531
991
6861
605
6778
9451
2510
6314
6604
8252
6151
893
9149
4059
11712
967
2737
7090
6184
2755
4117
12030
3379
5408
11061
79
10521
4826
12148
3611
7631
9822
8813
10400
2608
2654
9446
4886
4024
764
2728
8831
2833
9599
9552
2472
11158
8578
3173
6777
7192
9295
320
1749
2199
8761
8575
10766
8250
6395
7456
395
4741
1723
4743
3890
4699
854
8431
7658
9941
4909
3888
973
11737
9370
8617
8994
1793
803
2619
839
1406
9288
1817
7729
10984
6437
6816
7751
4531
5964
11343
7425
9893
12085
6036
11151
8067
11975
9912
11262
3508
11473
9472
11456
1002
1914
2860
9129
10472
6197
581
5311
2109
4774
11538
5902
10803
5928
8173
7388
1830
3004
11460
6072
3883
4257
6543
11225
11054
4370
9565
10612
7182
4002
10713
8490
9850
12172
8569
9015
3388
11773
10453
7214
10456
3800
6371
961
8715
7604
8264
3126
10248
7949
1614
1372
9651
3013
6819
5196
3603
8256
9716
2260
8546
4504
6777
6326
1192
4170
1044
9610
9532
8266
5622
7034
4953
11530
2262
3022
506
11090
11045
10888
10557
4397
8141
7640
1830
3684
8508
4553
9164
6657
1070
7600
9548
4707
3617
1622
2934
11623
3546
3028
412
802
3973
3952
5683
5868
5241
2785
6630
4795
7077
7099
11724
10379
8469
10914
772
6167
3565
7379
2671
2776
521
12210
4922
4404
952
973
7962
1010
917
4030
7083
123
1022
2805
5318
10398
7457
61
1126
5633
9718
558
5621
9640
2239
3267
3130
5538
9583
5217
4662
2977
3803
3101
6546
5267
8122
4299
8611
5068
473
6614
3388
7746
305
3655
6586
4031
7635
230
4710
807
11775
11171
9549
2644
3937
4275
3976
11553
2567
6113
10463
11100
3550
551
1061
2477
8419
10861
10094
2400
8280
5055
8924
10574
6271
9773
706
1888
11058
1006
10520
2349
48
11347
643
197
10296
2163
3343
4888
10120
4616
4271
3395
8059
11162
7665
3579
11742
3230
8890
3480
5885
9947
5557
11525
8850
212
2425
3890
9269
3026
2628
4890
5427
11676
4906
5648
6308
8561
11830
10077
6052
4941
10301
4946
2426
7621
8112
1123
4259
8010
4732
2294
6664
6428
10143
5238
10141
2589
5945
4314
10221
7249
6815
10992
4819
2264
4404
2754
10151
1509
457
5947
8401
10430
128
8911
9657
792
7414
1653
4719
6264
8468
7163
10108
12197
7402
4990
181
6606
6773
6860
3073
10356
5759
7833
11985
7118
5266
3430
7922
2764
145
1776
2083
1117
6438
9
1202
8492
10935
9245
9765
100
11903
2546
6821
7124
3460
2134
8324
1771
2013
2670
10165
3199
1484
665
6675
5975
4757
6221
3096
9006
11716
11672
9772
4245
6516
128
7579
703
1271
4590
4659
5694
5981
6813
11342
8637
7583
6606
11064
10830
4848
4338
11302
3276
6547
12269
104
9499
8372
300
11492
6130
3379
4687
9218
9614
9353
10775
12178
3693
3128
3541
350
3194
4589
8090
1674
81
10750
7837
366
10891
11874
3970
11645
10362
10774
3044
2080
4903
8881
6749
2070
890
8939
5100
2538
11448
9539
6543
1287
9201
6883
3372
9758
9628
9602
10990
6958
8245
10555
7649
11852
10615
4411
3259
9337
2611
5513
5657
6693
7233
11231
9628
426
11381
2428
1328
9825
185
1193
8572
4604
8976
4534
1282
3813
3323
9543
7430
11119
3786
10471
656
4036
10006
3865
9462
8601
10738
9023
10787
8595
8857
2310
5187
8757
5491
9155
5327
9616
2438
11725
9116
3148
18
117
2307
10988
349
6167
6222
2082
3266
10488
24
5250
9871
6836
5472
2693
2355
6826
7542
2827
6078
7799
2381
10437
10230
4618
2536
5283
9393
1638
9310
2453
6111
6972
1431
8105
6550
9015
2931
2346
10604
8717
1696
12212
933
4728
412
12228
3823
8192
9963
4873
11053
11191
8355
10136
7734
11910
548
5281
11688
7979
8631
4235
7909
1799
3002
9081
6902
3016
10291
6014
5680
10196
7364
7998
9724
8309
9001
4959
9857
2363
5175
4404
8060
6552
5942
4085
10983
7736
2835
10519
71
6763
5228
2035
9925
3749
6609
6042
6006
4459
6182
10624
1420
142
3650
6145
9181
2622
12282
7364
5191
290
8001
1214
7299
10573
7475
522
7258
4108
7897
10506
8237
3336
1137
4149
891
6811
11139
3264
1893
8072
517
2355
86
5962
1488
1552
6088
11329
10015
1551
3900
4241
12088
11482
7366
1993
12184
12160
11954
9623
4512
2779
64
9635
11325
300
7904
5230
6040
9115
10050
2207
11574
2247
3008
8071
5355
5158
1772
8534
7671
7482
7739
1319
916
2411
4091
4300
9674
11839
12154
10020
574
5150
98
4795
5857
5590
1040
7023
5654
2802
1056
4447
55
11628
11673
1378
5450
2589
7223
972
8545
10891
8057
5040
7570
3803
6593
6743
3908
11952
10053
5795
8900
5179
7223
10307
5497
717
10709
6113
11926
1657
9783
7984
6881
9244
2869
587
9772
5683
5541
7473
12215
4422
6004
5839
1960
10790
4463
6584
1780
10911
2584
11977
8647
697
7102
1403
2316
12125
310
8297
2380
10906
6402
12116
4611
11877
