1131
9306
734
10167
8065
7744
9458
6126
6026
3311
4530
3063
914
3754
8948
11448
9414
5607
6893
5619
9880
4495
6394
6379
8599
8389
7870
4572
5746
5008
6099
4605
9653
5375
10125
1006
4566
3023
6922
678
9736
4983
4807
6047
9888
9185
3358
4887
2705
10279
8801
4889
6596
2495
7813
8571
9141
10693
8230
11956
1730
11291
9065
1653
4722
4102
2311
6371
9664
11868
8308
9003
9630
2273
8031
12197
3466
1080
2133
39
2128
740
7244
10305
351
10999
9157
4410
11821
8645
7106
2512
4667
7393
7550
8595
4841
8330
3159
8387
1091
712
7611
7327
8672
11595
5524
2101
2601
9027
11555
331
11986
6930
5094
6484
9565
2743
3102
1955
9223
4174
4158
8735
3552
697
422
2357
6895
4897
5268
10547
12192
9192
2131
11888
5308
6267
5934
1861
11212
4875
11549
10725
10574
11312
10567
1971
1340
7865
7927
7675
835
7942
961
11786
529
11102
8430
8523
1777
1400
5997
9130
5710
738
2082
11863
8020
9251
732
2740
9382
8404
2948
1034
12016
2631
9054
923
5340
5901
1881
9764
335
5858
4232
7783
212
4767
2851
10059
12104
3807
6849
414
10795
1307
8927
3616
7991
7490
4016
5315
8059
2749
11230
5000
11679
11764
11800
8686
8710
7170
6126
3395
8968
2144
3424
10449
99
4188
11441
7886
5766
3291
10946
5831
7669
4248
2892
10103
1790
11664
10434
11383
9259
7391
10300
3366
2196
4150
11713
10226
7366
5217
1248
11762
9789
7859
2551
11452
7260
1290
421
7006
2362
11050
11311
8516
7598
6925
3918
3647
2297
4430
10648
1023
9682
1185
5109
6924
11619
3566
11306
5463
11211
6342
2872
9106
8906
4804
5990
8092
2967
5094
739
7462
11328
7904
7325
4984
4155
6040
1338
4723
8495
2184
11635
4333
7086
2948
3442
4249
7433
6445
3008
3604
2256
10926
1287
6356
9605
6036
1008
2575
10157
8058
6661
9659
1101
6821
6340
6739
7452
1694
9928
10131
2886
5477
3580
5401
2665
11938
5371
5133
5777
4791
9788
394
11865
5694
10773
6320
10842
4068
2738
3229
8309
11396
3574
7579
9637
7240
2317
5612
4596
4858
4637
6520
3770
3164
4799
1486
4260
9939
10034
8921
2955
7690
1111
10419
2213
2638
6570
5125
3837
3497
3587
663
7906
1586
2009
12259
11012
11204
2518
394
1167
3382
4087
5743
6835
9264
4634
583
7042
938
5877
2723
6676
4578
9105
4873
11742
4802
4437
8118
5474
3797
6953
5345
2883
5553
3676
8372
8365
5547
2627
5446
9896
4006
8671
5194
5562
8412
3412
799
10499
7646
681
4202
10223
2676
8054
11136
1851
3255
7416
144
5844
3662
7213
5054
1323
10641
7195
3170
9825
10805
5969
2907
9620
11118
7622
7704
12271
5809
2778
11831
9768
9963
2921
9772
5072
7383
3989
2601
5741
10135
412
2370
728
11805
7938
6514
3133
4192
4873
4058
1868
10151
5472
2316
11879
1336
7223
2273
7256
6518
8057
8244
8984
3130
1427
6923
3209
7183
9781
2399
2002
1752
12246
7488
4065
10235
1746
10515
5261
10796
4243
5895
10736
10652
10013
3529
10461
1630
7199
526
1673
8903
1279
11912
3926
3146
6048
9163
872
10706
7285
10305
11333
3625
143
7202
7273
316
6697
4870
11767
1448
8161
2503
10603
1153
3696
12158
8082
10552
5521
10474
9903
7854
5510
10160
11507
10844
2019
4989
3234
9462
8047
4362
11282
2222
3127
8466
2154
2643
3218
10144
7966
1580
7954
3799
1707
447
2681
3084
9345
286
471
5739
7702
9718
4149
11440
8608
10260
6013
1222
7976
603
2059
11013
4386
1155
9849
11745
12188
3611
6067
5115
2844
10764
3021
1387
4489
11951
5816
7119
5756
6400
2462
2651
5524
3317
11342
11160
11420
11879
5696
7529
8939
9403
794
1549
8044
2580
7617
7363
3493
6483
10014
1327
1118
8946
1630
3930
7034
10387
12230
4853
11622
10750
5714
3921
2698
3970
3197
1584
7261
891
6321
11647
5699
6934
3803
7686
8712
9984
3532
4465
8126
4510
76
3024
386
7742
5190
11931
1990
8448
8960
314
11627
6405
12032
4938
7340
5475
1539
9316
309
8376
11945
12235
8824
6173
8086
11652
4794
7275
10081
12099
8385
4148
7027
6923
3577
10978
11638
8221
10064
517
6385
9584
7942
4664
2033
6956
8349
3520
9918
751
4160
5734
286
11586
3394
1646
956
347
5647
10730
1693
3157
9269
9849
7382
3522
4035
10832
4527
5549
12065
10885
8994
2291
1182
4827
121
9579
11915
301
9215
11893
3130
929
10441
10561
11978
7406
10040
7380
5853
9269
9053
10137
10943
7617
1047
4355
10835
1517
9167
9315
2186
11624
4031
5772
4183
9627
11361
2449
11752
258
11724
3114
4393
7846
1215
10832
4326
10098
3491
11413
2484
6489
8097
8624
9347
2126
8611
4251
11791
6533
8073
6781
10940
7077
5914
10886
9584
8099
5
10986
10323
5946
7098
733
10552
3135
10005
9943
6899
8373
7960
4007
2940
8600
10989
10629
7710
4794
3233
4537
1265
10871
7156
6920
7607
4691
6906
11508
6899
9830
9648
9654
158
3551
7767
7188
3317
10733
10158
806
5287
6208
11940
11471
1383
3557
10697
6272
2919
11385
4730
2856
3912
10738
12259
6024
697
8981
10142
3388
6327
5378
4926
8179
2320
6905
1639
1380
10032
5968
928
3733
8793
2970
3455
5172
3906
1349
7346
5718
6749
508
11546
2097
4266
3115
6521
10176
9483
5883
4182
9413
11808
10530
4458
10571
912
10209
1094
343
8648
6642
1319
2880
9581
8798
8316
3366
1170
10508
11045
4946
10052
10098
1741
7620
8506
9263
12140
3174
11324
7565
7142
8912
8566
6257
6608
1190
8818
9198
5690
3191
3537
7033
8394
3135
675
4726
6590
11199
2601
4913
7142
10611
5976
8774
680
5106
5207
862
11341
8124
3725
3612
10573
6450
1899
4622
2005
4997
6189
1032
6120
7484
9624
7536
7190
565
10883
11552
5949
688
3688
2419
7506
6628
11464
4429
825
7062
696
7764
10477
4521
3602
1721
7102
812
2312
10956
8691
3114
8345
8001
3623
6754
7704
1597
7976
9751
2068
10220
3593
9288
9722
2248
8369
7283
4402
7899
7902
3050
7704
11477
7328
8016
