10697
1002
10522
1677
5710
5607
10991
1499
8637
1957
1899
9315
10319
9857
8793
3388
2469
10372
10580
222
7134
3843
609
66
980
3999
2306
3393
1334
5608
1764
9284
2991
10549
6915
9630
11628
10392
3378
2712
11288
7733
9359
3217
3949
9261
3004
5793
8087
6854
10255
3768
11950
245
12267
128
3962
11165
5969
2647
3867
6911
9419
1079
650
6704
2305
10453
9197
1109
10432
700
778
5425
11806
4496
11493
328
5083
5589
1335
5590
2912
3427
11004
2900
3424
7826
12176
338
4040
2547
5784
3049
5920
6598
3394
4987
4004
2292
4434
9772
10338
2185
2914
195
2167
4002
10498
5982
5087
3853
9124
4613
7415
3848
7884
9777
9020
10329
6442
1208
8700
3328
7278
1495
4925
6160
4347
9339
1501
10763
7111
3772
219
2187
126
10547
7054
11094
9836
7446
7941
2634
10235
4271
9433
5144
838
10466
3548
8948
2476
12263
7568
2753
4398
2766
8168
5280
11701
9206
6819
12229
9507
4777
9135
9900
4866
9047
4369
4109
8599
10880
4608
11385
2760
5113
9918
6813
9799
4090
5263
9482
11285
7210
9569
1834
1525
2687
5209
3661
7
10093
3659
1791
3279
4985
6396
10749
5425
6279
11275
9447
9970
6476
9848
6939
91
8554
5839
3724
10339
11800
7183
12054
620
5390
2929
5633
8329
1773
8185
10498
5681
11733
3000
10926
7178
4796
8242
12229
11193
3428
6806
8377
5662
9206
11858
10891
694
10632
445
2951
3879
12176
1376
8404
9317
9657
4456
11560
5194
6248
8996
6833
2922
1968
6762
277
3683
7417
4403
8108
855
4085
10314
11011
2387
6063
1954
7858
912
9666
9255
8085
7894
5400
1595
4286
5569
8559
153
10513
10141
10565
10394
2536
6737
4181
10359
11412
8989
4981
641
2445
6574
4887
5033
3844
1687
1193
2509
7068
5006
40
1506
8758
6344
5608
3789
3583
7227
6334
3858
6440
9161
8906
790
6842
2150
2437
3169
9561
6328
4184
5432
5718
2124
11423
7791
4595
950
4223
3886
7378
2815
5103
10956
5634
2098
6237
10741
7395
8793
3006
5300
7178
350
5921
9971
9021
8951
1285
9203
482
9434
7520
8591
1112
7114
10658
2529
9450
4103
3397
4552
3850
4712
1193
8526
1477
7595
1354
1056
7480
10864
1282
6030
1626
1232
986
1661
10088
8649
2995
4458
10776
11548
5847
1972
7466
1782
293
12158
10194
11726
874
11111
9933
2562
9072
2684
4708
5529
9484
5624
8351
2319
9830
8391
5966
5194
9260
4419
11349
6925
11729
745
7489
10995
539
5731
906
5365
1325
1248
12003
7576
10467
4337
9565
6300
10166
3570
8188
1326
662
1746
55
4795
3381
5925
9230
12251
5298
2122
8360
296
2437
3156
2247
3155
9518
9229
5481
1493
653
3689
7777
4818
3586
8721
1566
6111
5399
138
3359
1158
8023
991
7015
3737
11322
4912
5334
3340
5788
11839
4592
9037
1399
5698
8809
3544
4476
11935
2535
7492
4172
4936
12280
4785
6792
11484
4214
6507
9358
5228
4247
5279
9184
6276
11546
8660
867
97
5479
7075
9086
5492
4273
11192
10479
9360
2949
9177
7994
3879
9783
4041
8724
9836
5895
883
9833
11230
8034
699
11607
3487
8082
4450
3445
3681
10298
10092
10768
6702
6114
9251
2185
1106
4895
1867
8083
554
3475
4891
7334
9944
3460
945
8707
10228
6009
5720
8391
4092
1937
11238
8363
11942
729
5725
12265
8314
6638
5996
146
11211
9100
4970
7629
11714
1177
9234
9365
6745
11487
6442
10251
1786
1728
7275
8905
6980
57
6346
3621
893
3123
2554
2277
11956
6522
5167
329
8447
4383
1480
1790
3643
9690
9198
7753
4131
10242
7881
8568
1136
7656
436
4999
7180
9615
9385
2794
8324
5661
2720
10629
4210
5564
5992
7020
3956
1240
10725
7995
12265
11636
9853
3602
6820
6039
6613
4255
4099
5554
3757
8563
6442
4070
5650
11380
3795
11706
2458
5685
3076
6125
11276
7647
3016
7062
3459
6279
9106
2880
5878
6695
1820
2325
4684
5558
10857
7615
10154
4516
9236
10439
2289
5665
3907
7612
11015
2382
3864
3193
8810
11805
8646
11899
2921
639
4111
1148
10586
11381
2116
10277
3998
5124
8758
3599
579
5622
2440
5851
1267
2808
5620
6376
9975
11078
870
850
1850
12230
157
6698
6423
7415
7388
10266
948
7879
1267
10673
9387
2617
12040
462
8414
8225
1465
2209
10606
686
4368
10806
145
2051
143
7900
10043
1877
12166
8460
11949
7724
12051
6836
2595
8293
4890
5301
6788
1103
5940
9879
5883
5196
8986
10486
1079
3178
1363
2482
4605
11499
6480
1012
5311
2684
6514
4218
3996
4178
6140
3624
8134
7935
11263
11016
6471
9473
122
238
6541
2378
4930
9564
11907
9887
5669
5922
543
1229
5935
11061
8839
1765
3572
6929
308
2150
6363
10313
1084
3742
11971
6927
11346
5258
2995
6924
9268
10753
11189
7535
3304
1742
5346
4244
86
11592
9114
1314
3953
11561
2222
12263
10038
3503
10190
6746
242
5579
4983
6553
11224
7305
7836
6181
1249
9963
6761
9055
456
325
2870
8391
1561
4916
422
10755
1781
4694
6381
1868
3827
11789
2092
6531
9660
10818
1065
9620
410
12221
377
10297
2806
7654
3924
1152
3655
7189
8450
7836
2867
4554
804
7453
5544
3394
5511
10655
9392
2302
6968
8783
3832
5519
2091
10743
601
11780
4824
11677
11166
4631
11424
6471
1520
9635
12010
11998
5003
180
8107
9694
2341
1509
3878
8600
155
8075
3860
10009
2367
2036
11443
247
12277
5106
3253
3016
10807
6700
5012
11348
2724
9571
11655
3419
11725
2327
12053
569
2740
12225
2402
9350
11606
3593
9045
316
1
2266
8939
7765
8474
7338
7573
6715
4590
12158
1206
488
12094
8668
476
4083
12091
9151
3830
892
6260
4350
9731
4891
2486
2890
702
11015
6938
11344
3189
55
1068
2576
8484
10048
9636
5826
7548
12086
2486
4980
7418
5242
9513
1158
11589
8138
2006
10792
1014
1339
10983
658
1240
5847
10482
903
1550
707
8091
8890
5777
11802
9148
4910
8883
7939
5660
6203
2219
8318
6349
505
2638
3103
1478
6893
2626
8708
3408
6945
6048
9294
