11
19
22
23
31
33
37
38
46
55
57
61
62
66
69
74
77
82
83
86
88
89
93
94
95
97
99
107
111
114
115
131
133
134
137
138
143
149
152
154
155
157
161
164
165
166
171
172
176
178
181
183
184
185
186
187
188
198
199
205
207
215
217
220
222
223
231
235
244
246
247
248
249
254
257
258
259
262
264
266
267
268
274
277
279
281
282
283
285
291
296
297
298
299
304
314
317
321
322
323
333
335
337
342
345
349
353
359
362
368
373
379
380
383
385
388
391
393
394
398
399
401
402
403
409
410
411
414
415
427
428
429
430
434
440
445
446
447
449
454
456
458
460
462
465
470
471
481
483
488
492
495
496
498
503
508
513
516
518
521
526
527
528
533
534
538
539
542
543
549
550
552
554
555
557
558
559
561
564
566
571
572
574
577
581
583
587
592
593
594
597
602
607
610
611
615
616
620
621
623
626
629
634
635
638
643
645
647
651
653
655
656
658
659
660
661
662
664
665
666
669
670
679
685
688
693
697
698
701
704
705
706
712
719
731
732
733
738
739
740
741
743
744
745
747
748
749
752
760
762
771
774
776
777
785
786
788
792
794
798
799
801
804
805
809
811
822
831
837
838
843
846
849
855
856
857
859
866
869
871
873
886
887
888
891
894
897
905
907
908
911
912
916
917
919
920
931
938
942
947
950
951
958
959
963
966
969
970
974
985
988
991
995
998
999
1001
1005
1006
1007
1009
1011
1013
1021
1025
1026
1028
1031
1035
1042
1043
1046
1047
1048
1052
1059
1061
1064
1066
1069
1070
1072
1075
1076
1077
1078
1079
1084
1085
1086
1091
1094
1096
1099
1100
1102
1103
1104
1109
1111
1115
1118
1119
1123
1124
1127
1129
1133
1135
1137
1139
1140
1144
1145
1148
1149
1150
1155
1157
1162
1163
1164
1173
1175
1179
1181
1182
1187
1189
1192
1194
1196
1197
1201
1202
1203
1204
1206
1209
1214
1216
1219
1220
1222
1227
1230
1232
1233
1240
1242
1243
1245
1246
1247
1249
1252
1256
1259
1262
1267
1270
1276
1281
1284
1287
1288
1289
1290
1291
1292
1294
1295
1297
1298
1302
1307
1309
1312
1315
1316
1318
1320
1322
1324
1328
1334
1335
1338
1341
1345
1347
1348
1355
1362
1363
1368
1374
1375
1376
1380
1382
1385
1386
1393
1394
1395
1408
1410
1411
1413
1415
1423
1424
1427
1429
1430
1435
1436
1438
1439
1443
1448
1449
1453
1462
1464
1466
1471
1472
1476
1478
1480
1485
1486
1487
1488
1492
1493
1494
1496
1499
1501
1504
1505
1509
1513
1516
1519
1524
1525
1529
1532
1539
1540
1543
1548
1550
1554
1559
1561
1562
1563
1564
1565
1567
1571
1578
1581
1584
1585
1586
1588
1592
1595
1598
1599
1602
1604
1606
1609
1612
1613
1614
1617
1618
1621
1626
1629
1636
1640
1643
1645
1647
1650
1651
1655
1656
1660
1661
1662
1665
1667
1671
1674
1675
1676
1677
1678
1683
1692
1697
1698
1703
1708
1713
1714
1716
1720
1722
1726
1729
1731
1732
1736
1742
1743
1745
1749
1754
1760
1761
1765
1769
1772
1776
1778
1779
1780
1781
1782
1784
1787
1791
1793
1796
1798
1799
1806
1811
1813
1814
1817
1821
1822
1830
1831
1833
1834
1838
1845
1848
1850
1860
1861
1862
1863
1869
1870
1873
1876
1878
1880
1887
1894
1900
1902
1905
1913
1914
1916
1918
1919
1924
1929
1933
1934
1935
1937
1939
1940
1941
1943
1948
1951
1952
1953
1957
1959
1961
1965
1967
1968
1969
1970
1974
1976
1977
1979
1980
1981
1982
1983
1984
1985
1986
1992
1993
1995
1996
1998
2003
2007
2010
2017
2027
2029
2032
2037
2038
2039
2041
2055
2056
2064
2066
2072
2074
2079
2081
2086
2091
2092
2093
2094
2095
2096
2098
2099
2102
2103
2108
2112
2115
2118
2122
2123
2128
2129
2136
2140
2141
2144
2146
2147
2153
2157
2159
2165
2173
2179
2182
2188
2192
2193
2196
2198
2199
2204
2214
2215
2216
2217
2218
2219
2220
2221
2223
2227
2228
2229
2232
2234
2235
2237
2241
2242
2244
2247
2248
2254
2256
2261
2264
2270
2273
2278
2279
2280
2284
2286
2287
2290
2297
2300
2308
2313
2321
2322
2323
2328
2329
2331
2332
2339
2345
2347
2348
2351
2353
2355
2358
2359
2362
2364
2368
2369
2371
2372
2374
2375
2376
2382
2383
2384
2386
2389
2392
2394
2395
2397
2398
2403
2404
2412
2415
2419
2425
2427
2432
2433
2435
2443
2449
2466
2467
2470
2471
2473
2486
2491
2493
2495
2498
2511
2512
2513
2514
2515
2516
2518
2522
2524
2529
2531
2533
2534
2536
2537
2538
2547
2554
2557
2561
2565
2568
2570
2571
2572
2576
2577
2578
2584
2587
2591
2594
2596
2598
2599
2605
2606
2607
2611
2612
2613
2614
2615
2617
2619
2620
2629
2630
2641
2651
2653
2657
2658
2659
2660
2661
2662
2663
2664
2665
2668
2669
2671
2673
2675
2680
2681
2682
2690
2691
2695
2696
2698
2707
2710
2713
2714
2715
2716
2719
2721
2724
2733
2735
2736
2737
2740
2748
2750
2751
2753
2755
2757
2758
2760
2764
2773
2774
2777
2782
2786
2792
2793
2795
2804
2807
2810
2813
2814
2821
2824
2826
2833
2841
2843
2850
2853
2857
2858
2860
2863
2866
2869
2870
2872
2874
2875
2877
2878
2889
2896
2898
2899
2902
2905
2907
2910
2911
2917
2922
2923
2927
2939
2942
2944
2951
2955
2964
2973
2974
2977
2980
2984
2985
2989
2990
2993
2994
2996
2997
2998
3003
3005
3010
3015
3018
3021
3022
3023
3027
3032
3033
3035
3037
3038
3039
3040
3049
3050
3053
3055
3058
3062
3063
3064
3075
3077
3078
3080
3083
3084
3089
3093
3097
3100
3103
3104
3105
3115
3122
3124
3126
3128
3129
3130
3131
3137
3138
3139
3140
3141
3142
3143
3144
3152
3155
3156
3169
3172
3175
3177
3178
3183
3184
3190
3191
3192
3193
3194
3197
3198
3203
3206
3207
3208
3209
3210
3212
3216
3220
3223
3224
3225
3226
3228
3230
3231
3234
3235
3237
3239
3244
3245
3251
3252
3255
3257
3258
3259
3266
3272
3273
3274
3280
3282
3288
3290
3295
3297
3298
3299
3300
3301
3302
3305
3306
3307
3309
3310
3312
3314
3319
3320
3322
3327
3333
3334
3335
3337
3345
3347
3349
3354
3356
3357
3358
3367
3369
3370
3372
3381
3383
3387
3389
3397
3398
3399
3401
3405
3411
3416
3417
3419
3420
3424
3431
3432
3435
3436
3440
3444
3446
3447
3450
3452
3455
3457
3463
3465
3471
3472
3473
3476
3485
3486
3489
3492
3497
3503
3508
3519
3520
3521
3523
3525
3527
3537
3538
3543
3546
3548
3551
3556
3557
3559
3560
3561
3567
3568
3574
3575
3576
3582
3583
3588
3590
3591
3592
3595
3596
3599
3601
3603
3606
3609
3612
3617
3618
3620
3622
3626
3627
3632
3638
3642
3647
3648
3655
3657
3658
3659
3660
3664
3665
3666
3667
3671
3673
3674
3679
3680
3681
3682
3683
3689
3690
3691
3695
3696
3699
3700
3709
3713
3715
3718
3720
3722
3726
3729
3730
3731
3735
3737
3738
3739
3740
3741
3747
3749
3756
3760
3761
3766
3767
3768
3773
3777
3786
3790
3791
3794
3801
3806
3810
3811
3817
3826
3828
3830
3843
3847
3848
3850
3852
3859
3861
3864
3867
3868
3870
3873
3875
3876
3877
3878
3882
3885
3891
3893
3894
3899
3902
3904
3905
3906
3910
3913
3917
3921
3927
3931
3936
3943
3945
3948
3953
3954
3958
3960
3962
3965
3966
3967
3968
3970
3972
3980
3984
3989
3995
3997
4002
4004
4005
4007
4009
4010
4014
4015
4018
4022
4023
4024
4028
4030
4034
4035
4036
4037
4039
4041
4044
4045
4052
4058
4064
4065
4067
4069
4076
4078
4081
4084
4086
4089
4090
4100
4104
4109
4117
4121
4122
4124
4125
4126
4128
4132
4140
4141
4142
4144
4146
4147
4148
4150
4151
4155
4158
4159
4168
4179
4181
4182
4185
4190
4195
4196
4201
4202
4204
4208
4214
4216
4217
4219
4223
4224
4229
4230
4233
4239
4241
4243
4245
4246
4249
4253
4259
4264
4269
4270
4272
4274
4276
4277
4281
4282
4285
4287
4290
4292
4294
4297
4300
4303
4304
4305
4306
4308
4309
4312
4314
4315
4316
4317
4318
4329
4330
4331
4336
4340
4343
4344
4346
4347
4355
4358
4359
4361
4366
4382
4385
4386
4392
4398
4399
4400
4402
4403
4409
4412
4413
4416
4421
4428
4429
4430
4432
4434
4438
4439
4440
4444
4445
4447
4450
4451
4453
4455
4456
4458
4460
4461
4463
4464
4466
4468
4469
4471
4472
4474
4476
4478
4479
4482
4484
4488
4490
4492
4495
4497
4501
4503
4507
4512
4515
4516
4517
4526
4527
4528
4529
4532
4535
4537
4539
4541
4548
4555
4557
4558
4561
4568
4571
4572
4573
4575
4576
4579
4585
4587
4589
4592
4594
4595
4596
4598
4606
4607
4613
4616
4617
4618
4620
4625
4627
4628
4629
4631
4634
4643
4644
4648
4650
4652
4655
4662
4664
4675
4677
4678
4681
4683
4686
4687
4689
4690
4691
4692
4694
4695
4696
4700
4701
4702
4709
4713
4717
4723
4734
4735
4736
4741
4742
4743
4744
4747
4750
4752
4753
4755
4756
4757
4758
4764
4772
4776
4785
4787
4790
4794
4795
4796
4797
4799
4804
4806
4810
4811
4812
4814
4816
4818
4827
4829
4831
4835
4836
4839
4841
4842
4850
4851
4853
4854
4856
4862
4863
4870
4876
4878
4879
4880
4886
4887
4888
4891
4907
4908
4920
4925
4928
4929
4934
4935
4937
4940
4941
4942
4950
4953
4955
4960
4961
4965
4967
4968
4973
4980
4982
4983
4984
4986
4988
4990
4993
4995
5001
5008
5013
5014
5021
5022
5025
5027
5028
5031
5032
5033
5034
5044
5049
5053
5072
5076
5077
5080
5091
5093
5094
5095
5098
5104
5107
5108
5109
5113
5114
5117
5122
5123
5124
5126
5131
5137
5139
5140
5142
5143
5144
5147
5148
5160
5161
5162
5164
5165
5166
5167
5171
5173
5176
5178
5180
5182
5185
5187
5193
5196
5197
5198
5201
5203
5208
5212
5215
5224
5226
5229
5230
5235
5236
5240
5243
5245
5247
5248
5254
5255
5258
5262
5264
5270
5272
5279
5280
5282
5283
5288
5293
5295
5296
5302
5303
5305
5307
5309
5312
5316
5318
5320
5321
5323
5324
5326
5328
5334
5337
5340
5342
5343
5346
5350
5352
5354
5360
5361
5365
5373
5379
5388
5389
5394
5396
5397
5398
5402
5414
5417
5418
5419
5423
5426
5428
5431
5432
5433
5437
5439
5441
5442
5447
5449
5451
5452
5455
5463
5466
5470
5471
5477
5479
5480
5490
5493
5495
5497
5499
5501
5502
5504
5506
5510
5514
5516
5521
5522
5527
5531
5535
5540
5543
5544
5545
5548
5549
5550
5557
5558
5563
5564
5566
5567
5570
5573
5576
5578
5580
5583
5584
5585
5586
5587
5589
5591
5593
5602
5605
5606
5607
5608
5610
5619
5620
5626
5627
5628
5629
5632
5634
5635
5638
5639
5640
5641
5644
5647
5648
5651
5660
5661
5663
5666
5675
5677
5682
5687
5692
5693
5695
5696
5700
5701
5706
5708
5710
5713
5714
5715
5717
5723
5725
5732
5738
5739
5741
5742
5743
5748
5750
5752
5754
5757
5759
5770
5772
5774
5787
5794
5799
5801
5802
5804
5805
5811
5812
5817
5818
5820
5823
5829
5830
5843
5844
5848
5849
5851
5853
5856
5857
5859
5864
5866
5867
5869
5870
5871
5877
5881
5883
5895
5897
5901
5902
5904
5905
5907
5910
5912
5920
5922
5923
5928
5930
5931
5933
5935
5937
5940
5943
5944
5946
5949
5951
5952
5953
5954
5955
5958
5960
5965
5972
5976
5979
5980
5983
5984
5985
5988
5992
5994
5995
5999
6001
6002
6004
6007
6009
6010
6013
6016
6021
6030
6031
6044
6046
6051
6052
6053
6062
6067
6073
6074
6080
6081
6083
6087
6091
6096
6097
6111
6114
6117
6121
6123
6124
6165
6166
6168
6172
6175
6178
6192
6193
6198
6202
6206
6208
6209
6215
6216
6222
6227
6236
6237
6238
6243
6245
6258
6259
6268
6273
6276
6279
6280
6282
6285
6287
6288
6290
6294
6295
6297
6301
6304
6305
6306
6309
6310
6313
6317
6324
6329
6331
6334
6335
6336
6337
6338
6340
6343
6345
6346
6349
6352
6354
6356
6358
6359
6361
6366
6367
6369
6377
6379
6382
6384
6385
6387
6388
6392
6394
6406
6408
6412
6418
6419
6420
6422
6423
6425
6430
6432
6433
6436
6438
6440
6441
6445
6446
6459
6460
6466
6469
6471
6472
6477
6478
6484
6485
6487
6488
6490
6495
6502
6515
6517
6519
6530
6532
6535
6537
6539
6541
6546
6547
6548
6550
6551
6557
6564
6566
6572
6574
6575
6576
6579
6581
6583
6588
6589
6593
6594
6596
6597
6602
6607
6612
6614
6623
6626
6628
6629
6638
6641
6642
6645
6648
6649
6650
6651
6654
6655
6657
6660
6661
6662
6663
6669
6670
6679
6681
6682
6683
6684
6687
6696
6698
6700
6702
6703
6704
6705
6706
6709
6711
6713
6716
6719
6722
6723
6725
6726
6731
6732
6739
6740
6741
6744
6745
6746
6749
6754
6758
6762
6767
6768
6773
6775
6779
6783
6785
6787
6788
6790
6792
6794
6796
6799
6809
6810
6812
6818
6819
6823
6826
6834
6837
6838
6840
6842
6847
6848
6850
6852
6856
6857
6858
6861
6863
6866
6870
6871
6872
6875
6887
6891
6892
6893
6895
6900
6901
6910
6916
6924
6928
6929
6935
6937
6939
6943
6946
6947
6949
6952
6955
6961
6963
6965
6966
6968
6969
6971
6973
6977
6980
6982
6984
6986
6987
6993
6994
6996
7001
7006
7007
7009
7010
7017
7019
7025
7027
7031
7034
7035
7041
7042
7044
7046
7049
7053
7054
7059
7060
7063
7065
7074
7077
7081
7086
7088
7091
7092
7093
7096
7102
7104
7107
7109
7111
7113
7116
7118
7122
7123
7124
7125
7127
7128
7129
7141
7142
7145
7146
7147
7149
7150
7152
7158
7163
7165
7166
7167
7172
7175
7176
7180
7181
7182
7185
7191
7194
7195
7196
7198
7209
7212
7213
7217
7236
7240
7245
7255
7256
7257
7258
7261
7262
7264
7267
7268
7275
7276
7281
7288
7294
7296
7299
7301
7303
7305
7306
7307
7309
7316
7321
7322
7324
7328
7329
7334
7336
7339
7347
7348
7349
7352
7354
7355
7360
7361
7364
7369
7381
7382
7398
7401
7402
7403
7409
7410
7411
7413
7419
7426
7427
7433
7435
7436
7438
7439
7447
7448
7450
7453
7454
7458
7460
7462
7471
7473
7475
7477
7478
7479
7483
7485
7490
7492
7493
7494
7495
7499
7502
7504
7513
7517
7525
7531
7532
7533
7534
7536
7537
7539
7542
7545
7546
7547
7548
7553
7554
7555
7566
7572
7576
7580
7587
7588
7589
7593
7594
7595
7597
7598
7599
7600
7602
7603
7606
7608
7611
7612
7614
7625
7627
7634
7637
7639
7641
7645
7646
7655
7658
7660
7661
7662
7664
7669
7671
7672
7673
7676
7682
7683
7691
7693
7694
7695
7697
7700
7702
7704
7710
7713
7714
7716
7717
7718
7721
7728
7731
7732
7734
7741
7748
7750
7752
7754
7757
7760
7761
7762
7763
7772
7773
7774
7777
7782
7786
7788
7792
7794
7797
7799
7801
7805
7807
7810
7811
7813
7815
7817
7818
7820
7821
7823
7825
7826
7828
7829
7831
7833
7834
7836
7838
7839
7842
7844
7845
7849
7850
7851
7855
7857
7859
7860
7861
7868
7873
7876
7877
7880
7886
7887
7889
7890
7891
7897
7903
7904
7907
7923
7928
7930
7931
7934
7942
7943
7945
7946
7949
7953
7958
7959
7960
7971
7972
7973
7974
7975
7977
7980
7981
7983
7984
7985
7986
7989
7992
7995
7997
7999
8002
8004
8007
8008
8012
8013
8015
8017
8019
8020
8025
8030
8036
8040
8043
8044
8046
8048
8050
8056
8059
8060
8065
8066
8070
8072
8073
8075
8081
8085
8087
8088
8093
8094
8099
8104
8107
8108
8110
8121
8130
8131
8134
8138
8139
8141
8142
8143
8145
8147
8148
8149
8157
8161
8163
8164
8165
8167
8168
8172
8180
8185
8189
8199
8200
8203
8205
8208
8211
8213
8220
8222
8224
8225
8231
8237
8244
8245
8248
8250
8252
8253
8254
8255
8259
8261
8265
8266
8267
8271
8274
8275
8279
8280
8282
8284
8285
8287
8292
8294
8300
8305
8309
8317
8319
8321
8322
8323
8324
8327
8329
8331
8335
8336
8341
8344
8346
8353
8358
8362
8368
8372
8376
8379
8383
8384
8385
8387
8390
8395
8396
8398
8404
8407
8411
8412
8413
8414
8416
8419
8421
8422
8425
8428
8430
8437
8439
8441
8442
8446
8459
8461
8463
8472
8478
8479
8483
8488
8495
8498
8499
8503
8512
8516
8521
8522
8523
8528
8529
8533
8540
8542
8548
8549
8550
8551
8552
8554
8558
8559
8560
8563
8567
8569
8571
8574
8576
8580
8589
8590
8593
8594
8598
8599
8600
8606
8607
8608
8609
8610
8615
8616
8618
8622
8623
8624
8625
8629
8630
8631
8632
8634
8641
8642
8647
8651
8657
8662
8663
8667
8669
8671
8672
8677
8680
8683
8686
8688
8690
8693
8694
8697
8698
8699
8701
8706
8707
8713
8714
8715
8721
8722
8728
8729
8730
8732
8733
8738
8741
8743
8746
8751
8752
8762
8764
8766
8768
8769
8770
8781
8786
8792
8797
8800
8803
8804
8813
8816
8817
8818
8824
8826
8832
8834
8837
8839
8842
8843
8845
8849
8853
8854
8857
8858
8865
8869
8870
8872
8873
8878
8884
8888
8890
8891
8892
8900
8902
8906
8908
8917
8919
8920
8922
8931
8932
8933
8935
8940
8942
8944
8952
8954
8955
8956
8962
8967
8969
8970
8975
8977
8979
8980
8982
8983
8984
8987
8988
8989
8990
8991
8992
8994
8999
9001
9007
9009
9015
9016
9017
9023
9030
9031
9032
9034
9037
9038
9044
9045
9050
9052
9054
9055
9058
9059
9061
9063
9064
9065
9066
9069
9073
9077
9079
9080
9081
9082
9083
9086
9091
9092
9095
9096
9097
9098
9099
9105
9106
9111
9112
9114
9117
9120
9133
9134
9137
9145
9146
9147
9148
9149
9150
9151
9152
9158
9159
9160
9161
9163
9165
9167
9174
9184
9185
9186
9189
9192
9196
9200
9205
9206
9209
9211
9212
9214
9225
9226
9227
9231
9234
9236
9239
9240
9249
9250
9251
9252
9254
9256
9257
9262
9266
9267
9268
9271
9274
9279
9284
9286
9291
9292
9293
9295
9296
9299
9300
9304
9305
9309
9312
9315
9316
9325
9334
9338
9345
9347
9350
9362
9366
9367
9372
9378
9379
9382
9384
9387
9390
9391
9393
9400
9411
9412
9414
9415
9417
9419
9420
9423
9426
9429
9431
9432
9436
9439
9446
9448
9456
9463
9465
9468
9475
9476
9479
9482
9485
9494
9496
9497
9503
9507
9512
9515
9516
9525
9529
9531
9532
9534
9536
9538
9539
9541
9549
9552
9553
9554
9556
9565
9568
9570
9573
9574
9575
9576
9579
9582
9591
9593
9594
9598
9599
9607
9608
9609
9614
9616
9618
9620
9621
9624
9625
9626
9627
9628
9629
9630
9631
9632
9636
9638
9648
9659
9660
9669
9670
9672
9674
9675
9676
9677
9678
9682
9683
9684
9690
9691
9693
9695
9698
9702
9705
9711
9712
9713
9717
9718
9719
9721
9724
9728
9732
9735
9742
9751
9752
9753
9755
9756
9758
9760
9765
9767
9771
9773
9774
9775
9776
9777
9778
9791
9794
9796
9798
9803
9816
9818
9819
9822
9823
9840
9846
9854
9856
9857
9862
9864
9870
9874
9877
9885
9886
9891
9892
9894
9895
9897
9900
9903
9905
9906
9907
9913
9914
9915
9917
9918
9920
9921
9925
9927
9930
9931
9934
9936
9938
9941
9942
9944
9950
9957
9958
9960
9961
9966
9967
9968
9976
9981
9989
9992
9999
10002
10003
10005
10009
10010
10011
10016
10019
10025
10028
10033
10035
10041
10042
10045
10047
10048
10052
10054
10055
10057
10060
10061
10062
10066
10068
10069
10070
10071
10072
10073
10074
10075
10085
10090
10091
10093
10096
10097
10101
10107
10110
10116
10124
10130
10132
10136
10142
10143
10145
10148
10149
10153
10160
10161
10166
10167
10171
10174
10177
10181
10186
10187
10190
10191
10193
10194
10195
10196
10197
10198
10203
10208
10210
10215
10217
10223
10225
10233
10234
10248
10250
10251
10252
10257
10260
10262
10272
10279
10282
10286
10291
10293
10294
10296
10297
10303
10304
10305
10306
10307
10308
10309
10310
10312
10313
10315
10319
10320
10321
10322
10324
10328
10330
10332
10336
10337
10338
10341
10346
10348
10349
10350
10352
10354
10355
10356
10360
10365
10370
10371
10373
10375
10376
10384
10387
10389
10395
10402
10409
10411
10413
10416
10419
10420
10426
10427
10428
10429
10439
10441
10444
10451
10455
10456
10458
10459
10467
10468
10472
10475
10476
10478
10483
10490
10491
10493
10496
10498
10502
10505
10507
10508
10509
10510
10511
10513
10517
10520
10524
10528
10529
10535
10540
10544
10546
10547
10553
10557
10558
10560
10563
10567
10569
10573
10575
10576
10581
10586
10591
10592
10597
10606
10611
10612
10613
10614
10615
10618
10622
10624
10627
10628
10629
10633
10634
10638
10639
10642
10644
10646
10649
10653
10660
10663
10668
10671
10672
10675
10676
10677
10680
10683
10685
10687
10690
10691
10694
10697
10701
10703
10704
10705
10708
10711
10718
10722
10724
10725
10726
10727
10728
10730
10735
10739
10741
10746
10749
10750
10757
10760
10764
10765
10770
10773
10776
10780
10784
10785
10788
10790
10793
10795
10796
10797
10801
10802
10803
10804
10809
10811
10813
10817
10818
10823
10825
10827
10836
10840
10841
10846
10850
10851
10853
10854
10859
10860
10862
10865
10866
10874
10876
10878
10879
10881
10894
10895
10896
10903
10904
10907
10909
10913
10914
10915
10921
10926
10927
10934
10941
10942
10944
10948
10951
10954
10955
10961
10965
10967
10969
10971
10973
10974
10977
10980
10982
10987
10991
10992
10994
10995
10997
10998
10999
11000
11001
11002
11005
11008
11013
11019
11022
11027
11030
11033
11037
11040
11042
11043
11044
11046
11047
11049
11056
11057
11059
11062
11067
11069
11070
11073
11075
11080
11083
11085
11086
11087
11088
11092
11093
11095
11097
11100
11102
11107
11108
11110
11114
11116
11125
11126
11127
11132
11134
11139
11140
11141
11144
11145
11149
11150
11152
11154
11156
11160
11162
11165
11166
11170
11171
11174
11178
11180
11185
11186
11187
11189
11190
11193
11195
11198
11203
11204
11205
11210
11211
11212
11213
11214
11217
11219
11220
11223
11225
11228
11230
11237
11241
11242
11243
11246
11247
11254
11258
11261
11263
11264
11268
11276
11278
11280
11282
11283
11284
11288
11290
11291
11294
11298
11301
11304
11315
11319
11320
11323
11326
11330
11331
11338
11339
11342
11347
11351
11358
11369
11370
11372
11373
11377
11378
11381
11382
11384
11392
11395
11398
11401
11402
11403
11416
11418
11420
11423
11430
11432
11433
11434
11440
11443
11446
11451
11452
11458
11467
11478
11480
11484
11485
11488
11490
11491
11495
11497
11501
11503
11504
11512
11513
11515
11518
11527
11529
11537
11540
11541
11542
11544
11545
11546
11548
11549
11550
11551
11556
11557
11558
11570
11577
11583
11584
11585
11588
11591
11592
11596
11601
11604
11610
11619
11620
11623
11624
11625
11627
11628
11629
11630
11631
11633
11634
11636
11638
11642
11644
11646
11651
11654
11655
11660
11663
11666
11668
11669
11673
11674
11678
11679
11682
11687
11692
11695
11696
11697
11702
11706
11708
11712
11715
11717
11718
11723
11725
11728
11730
11731
11732
11734
11735
11737
11739
11740
11746
11747
11750
11751
11755
11756
11761
11762
11763
11768
11771
11773
11776
11781
11786
11791
11793
11794
11797
11801
11806
11808
11818
11819
11824
11827
11829
11831
11833
11835
11840
11842
11843
11844
11849
11855
11859
11860
11861
11862
11874
11875
11878
11879
11880
11886
11887
11888
11890
11891
11895
11896
11898
11901
11904
11906
11909
11910
11916
11921
11927
11930
11936
11940
11944
11947
11952
11954
11956
11966
11967
11968
11972
11975
11985
11990
11991
11992
11993
11998
12004
12006
12007
12008
12010
12012
12015
12021
12022
12023
12025
12027
12030
12031
12032
12035
12040
12041
12042
12043
12045
12054
12058
12066
12067
12069
12072
12074
12082
12084
12090
12091
12101
12102
12103
12104
12105
12106
12108
12111
12113
12117
12118
12123
12124
12125
12128
12132
12134
12135
12137
12140
12146
12151
12152
12155
12156
12158
12174
12175
12178
12182
12190
12192
12194
12195
12196
12200
12201
12203
12206
12207
12212
12215
12220
12223
12227
12228
12232
12234
12243
12251
12252
12256
12258
12266
12267
12270
12278
